4.000000000000001e-03  3.730048140029952e-01
4.160399799252200e-03  3.729871179658883e-01
4.327231622404436e-03  3.729679753837546e-01
4.500753393292296e-03  3.729472681102634e-01
4.681233378484231e-03  3.729248683665423e-01
4.868950602024622e-03  3.729006379587322e-01
5.064195276808028e-03  3.728744274324805e-01
5.267269253251514e-03  3.728460751593740e-01
5.478486485958720e-03  3.728154063499330e-01
5.698173519097137e-03  3.727822319873761e-01
5.926669991238981e-03  3.727463476759349e-01
6.164329160446172e-03  3.727075323970278e-01
6.411518450411184e-03  3.726655471661065e-01
6.668620018498115e-03  3.726201335824652e-01
6.936031346562189e-03  3.725710122637307e-01
7.214165855461073e-03  3.725178811561728e-01
7.503453544208080e-03  3.724604137113218e-01
7.804341654755374e-03  3.723982569187384e-01
8.117295363434959e-03  3.723310291840590e-01
8.442798500126403e-03  3.722583180407117e-01
8.781354296263163e-03  3.721796776829312e-01
9.133486162833927e-03  3.720946263068755e-01
9.499738499581752e-03  3.720026432458405e-01
9.880677536652076e-03  3.719031658846711e-01
1.027689220999076e-02  3.717955863376058e-01
1.068899507184551e-02  3.716792478728664e-01
1.111762323777845e-02  3.715534410664018e-01
1.156343937165377e-02  3.714173996662631e-01
1.202713271012333e-02  3.712702961481981e-01
1.250942012819416e-02  3.711112369421556e-01
1.301104724752510e-02  3.709392573085717e-01
1.353278958916608e-02  3.707533158425296e-01
1.407545377252220e-02  3.705522885832237e-01
1.463987876239624e-02  3.703349627056058e-01
1.522693716603747e-02  3.701000297707173e-01
1.583753658220203e-02  3.698460785110484e-01
1.647262100431067e-02  3.695715871273761e-01
1.713317227987292e-02  3.692749150739693e-01
1.782021162843416e-02  3.689542943099188e-01
1.853480122039230e-02  3.686078199957131e-01
1.927804581912489e-02  3.682334406161541e-01
2.005109448896548e-02  3.678289475134477e-01
2.085514237166971e-02  3.673919638178876e-01
2.169143253411768e-02  3.669199327682330e-01
2.256125789010895e-02  3.664101054197809e-01
2.346596319922160e-02  3.658595277455279e-01
2.440694714582526e-02  3.652650271449265e-01
2.538566450146261e-02  3.646231983858916e-01
2.640362837394218e-02  3.639303890192063e-01
2.746241254661968e-02  3.631826843207039e-01
2.856365391148440e-02  3.623758918359896e-01
2.970905499981225e-02  3.615055256254692e-01
3.090038661429785e-02  3.605667903345912e-01
3.213949056673503e-02  3.595545652460694e-01
3.342828252547810e-02  3.584633885080329e-01
3.476875497708622e-02  3.572874417752228e-01
3.616298030672960e-02  3.560205355502112e-01
3.761311400211977e-02  3.546560955688898e-01
3.912139798591729e-02  3.531871506398657e-01
4.069016408176893e-02  3.516063224216447e-01
4.232183761933262e-02  3.499058177051693e-01
4.401894118386390e-02  3.480774238629981e-01
4.578409851616044e-02  3.461125082304457e-01
4.762003856889420e-02  3.440020222984918e-01
4.952959972560235e-02  3.417365117228608e-01
5.151573418885945e-02  3.393061332876132e-01
5.358151254441513e-02  3.367006801033122e-01
5.573012850835347e-02  3.339096164669781e-01
5.796490386461327e-02  3.309221239600177e-01
6.028929360050252e-02  3.277271605060888e-01
6.270689124814689e-02  3.243135342465927e-01
6.522143444012996e-02  3.206699942080700e-01
6.783681068791429e-02  3.167853398214794e-01
7.055706339197701e-02  3.126485513932031e-01
7.338639809295146e-02  3.082489436030823e-01
7.632918897343931e-02  3.035763439930630e-01
7.938998562054503e-02  2.986212981838356e-01
8.257352005958762e-02  2.933753031840428e-01
8.588471406986395e-02  2.878310696002447e-01
8.932868679377363e-02  2.819828127744851e-01
9.291076265106959e-02  2.758265718251413e-01
9.663647957046972e-02  2.693605541993165e-01
1.005115975513554e-01  2.625855016161902e-01
1.045421075687942e-01  2.555050711511157e-01
1.087342408356533e-01  2.481262226525603e-01
1.130944784361231e-01  2.404596006916376e-01
1.176295613455446e-01  2.325198958424209e-01
1.223465008520320e-01  2.243261663520902e-01
1.272525893960008e-01  2.159020973183721e-01
1.323554118443610e-01  2.072761705659946e-01
1.376628572168055e-01  1.984817148268285e-01
1.431831308823204e-01  1.895568030281157e-01
1.489247672447768e-01  1.805439620697566e-01
1.548966429372125e-01  1.714896611646813e-01
1.611079905452046e-01  1.624435485058613e-01
1.675684128805486e-01  1.534574136942916e-01
1.742878978273110e-01  1.445838660293282e-01
1.812768337832081e-01  1.358747373445269e-01
1.885460257201833e-01  1.273792431973380e-01
1.961067118890127e-01  1.191419679598352e-01
2.039705811937643e-01  1.112007768760723e-01
2.121497912629729e-01  1.035847993057839e-01
2.206569872454671e-01  9.631266828872061e-02
2.295053213599091e-01  8.939123627923795e-02
2.387084732282693e-01  8.281500722398434e-02
2.482806710246727e-01  7.656652090888247e-02
2.582367134723124e-01  7.061788541006456e-02
2.685919927224390e-01  6.493356695983972e-02
2.793625181507959e-01  5.947440656859958e-02
2.905649411082900e-01  5.420263989117025e-02
3.022165806641642e-01  4.908746402478272e-02
3.143354503814687e-01  4.411045213750814e-02
3.269402861662282e-01  3.926991388712044e-02
3.400505752333581e-01  3.458320473973708e-02
3.536865862341144e-01  3.008607834556098e-02
3.678694005916514e-01  2.582852154516899e-02
3.826209450931333e-01  2.186714072346795e-02
3.979640257887896e-01  1.825503427068555e-02
4.139223632503193e-01  1.503103190810649e-02
4.305206292431561e-01  1.221092855811953e-02
4.477844848692893e-01  9.783522133528379e-03
4.657406202396102e-01  7.713532353987015e-03
4.844167957371172e-01  5.951677531041854e-03
5.038418849347740e-01  4.449570386606949e-03
5.240459192343709e-01  3.174466608426302e-03
5.450601342954027e-01  2.117545563647475e-03
5.669170183257426e-01  1.290652131649793e-03
5.896503623087687e-01  7.108507043287603e-04
6.132953122445970e-01  3.786396937461991e-04
6.378884234861840e-01  2.611213577808791e-04
6.634677172543054e-01  2.916312711043164e-04
6.900727394187818e-01  3.896812175457476e-04
7.177446216368288e-01  4.917761108180819e-04
7.465261449430520e-01  5.730345776502975e-04
7.764618058893979e-01  6.420746050964515e-04
8.075978853373129e-01  7.108052498678428e-04
8.399825200084643e-01  7.647371949219485e-04
8.736657769046429e-01  7.646920819631323e-04
9.086997307118981e-01  6.833902082418544e-04
9.451385443085771e-01  5.399015541253773e-04
9.830385525017301e-01  3.883270946410874e-04
1.022458349121343e+00  2.670464453334088e-04
1.063458877607042e+00  1.705527654937195e-04
1.106103525227327e+00  8.329862575862026e-05
1.150458221076980e+00  2.333946631001252e-05
1.196591538004178e+00  1.929485441704836e-05
1.244574798624865e+00  5.456798837311563e-05
1.294482185588309e+00  8.368967576669999e-05
1.346390856264287e+00  9.761648831634574e-05
1.400381062029234e+00  1.104721355061317e-04
1.456536272335752e+00  1.043136424117413e-04
1.514943303757302e+00  6.788253479882759e-05
1.575692454207586e+00  3.497576968081810e-05
1.638877642542111e+00  1.729765915683752e-05
1.704596553757779e+00  3.948507018241636e-06
1.772950790014964e+00  1.114659432115504e-05
1.844046027715571e+00  2.634801308053193e-05
1.917992180879919e+00  2.914100480103551e-05
1.994903571075026e+00  2.875089410466689e-05
2.074899104157009e+00  1.523784686269881e-05
2.158102454100847e+00  4.844396034313034e-06
2.244642254201712e+00  2.376333207131663e-06
2.334652295943452e+00  6.256114373968910e-06
2.428271735841706e+00  1.197774867819220e-05
2.525645310581406e+00  1.026448905668607e-05
2.626923560781285e+00  4.802132141804810e-06
2.732263063731333e+00  9.907662805398270e-07
2.841826675463009e+00  2.155604163342275e-06
2.955783782526462e+00  5.727241777022248e-06
3.074310563863999e+00  4.134126161098338e-06
3.197590263184674e+00  1.176411902945958e-06
3.325813472261077e+00  8.926275818189755e-07
3.459178425586311e+00  2.463631086016737e-06
3.597891306846706e+00  2.263010742219689e-06
3.742166567684068e+00  5.514086340401089e-07
3.892227259240272e+00  8.127816963316779e-07
4.048305376996791e+00  1.646029224168638e-06
4.210642219442262e+00  5.347902407344635e-07
4.379488761122605e+00  1.806252292620751e-07
4.555106040650438e+00  9.787137349233776e-07
4.737765564273641e+00  3.426085595295013e-07
4.927749725627009e+00  2.116139587795905e-07
5.125352242315922e+00  6.160460043786999e-07
5.330878610006993e+00  4.066166432060612e-08
5.544646574727734e+00  3.473659033484756e-07
5.766986624105415e+00  2.072745031190764e-07
5.998242498304571e+00  1.709755996260213e-07
6.238771721453087e+00  2.356158323549688e-07
6.488946154378430e+00  5.070892036259028e-08
6.749152569508588e+00  1.951422112010872e-07
7.019793248826499e+00  4.899224593330237e-08
7.301286605802427e+00  1.156647160289200e-07
7.594067832265798e+00  7.053951657341806e-08
7.898589571216552e+00  4.447859070360457e-08
8.215322616616215e+00  9.085835984596187e-08
8.544756641240538e+00  7.789310197425350e-09
8.887400953719007e+00  4.862159146328948e-08
9.243785285931590e+00  6.132560059761311e-08
9.614460611980055e+00  1.411006037968805e-08
1.000000000000000e+01  1.631378096336715e-08
