4.000000000000001e-03  2.267955440335522e+00
4.160399799252200e-03  2.267833301695676e+00
4.327231622404436e-03  2.267701179709874e+00
4.500753393292296e-03  2.267558259118734e+00
4.681233378484231e-03  2.267403658216228e+00
4.868950602024622e-03  2.267236423455998e+00
5.064195276808028e-03  2.267055523623622e+00
5.267269253251514e-03  2.266859843540504e+00
5.478486485958720e-03  2.266648177262516e+00
5.698173519097137e-03  2.266419220733716e+00
5.926669991238981e-03  2.266171563852520e+00
6.164329160446172e-03  2.265903681904517e+00
6.411518450411184e-03  2.265613926312825e+00
6.668620018498115e-03  2.265300514653228e+00
6.936031346562189e-03  2.264961519877607e+00
7.214165855461073e-03  2.264594858685178e+00
7.503453544208080e-03  2.264198278976746e+00
7.804341654755374e-03  2.263769346322855e+00
8.117295363434959e-03  2.263305429371896e+00
8.442798500126403e-03  2.262803684119426e+00
8.781354296263163e-03  2.262261036954845e+00
9.133486162833927e-03  2.261674166396228e+00
9.499738499581752e-03  2.261039483418685e+00
9.880677536652076e-03  2.260353110276002e+00
1.027689220999076e-02  2.259610857709562e+00
1.068899507184551e-02  2.258808200432826e+00
1.111762323777845e-02  2.257940250773856e+00
1.156343937165377e-02  2.257001730352690e+00
1.202713271012333e-02  2.255986939664899e+00
1.250942012819416e-02  2.254889725437462e+00
1.301104724752510e-02  2.253703445618381e+00
1.353278958916608e-02  2.252420931857346e+00
1.407545377252220e-02  2.251034449331521e+00
1.463987876239624e-02  2.249535653768365e+00
1.522693716603747e-02  2.247915545516713e+00
1.583753658220203e-02  2.246164420518282e+00
1.647262100431067e-02  2.244271818035171e+00
1.713317227987292e-02  2.242226464994718e+00
1.782021162843416e-02  2.240016216822498e+00
1.853480122039230e-02  2.237627994647423e+00
1.927804581912489e-02  2.235047718781095e+00
2.005109448896548e-02  2.232260238397351e+00
2.085514237166971e-02  2.229249257368816e+00
2.169143253411768e-02  2.225997256255983e+00
2.256125789010895e-02  2.222485410492944e+00
2.346596319922160e-02  2.218693504873546e+00
2.440694714582526e-02  2.214599844514533e+00
2.538566450146261e-02  2.210181162560517e+00
2.640362837394218e-02  2.205412525001332e+00
2.746241254661968e-02  2.200267233098752e+00
2.856365391148440e-02  2.194716724069280e+00
2.970905499981225e-02  2.188730470846367e+00
3.090038661429785e-02  2.182275881952541e+00
3.213949056673503e-02  2.175318202753592e+00
3.342828252547810e-02  2.167820419647319e+00
3.476875497708622e-02  2.159743169063080e+00
3.616298030672960e-02  2.151044653519900e+00
3.761311400211977e-02  2.141680567415060e+00
3.912139798591729e-02  2.131604035696243e+00
4.069016408176893e-02  2.120765569112632e+00
4.232183761933262e-02  2.109113040347065e+00
4.401894118386390e-02  2.096591686004741e+00
4.578409851616044e-02  2.083144140174241e+00
4.762003856889420e-02  2.068710506081912e+00
4.952959972560235e-02  2.053228473225232e+00
5.151573418885945e-02  2.036633488284779e+00
5.358151254441513e-02  2.018858989061867e+00
5.573012850835347e-02  1.999836711646073e+00
5.796490386461327e-02  1.979497081950915e+00
6.028929360050252e-02  1.957769703621286e+00
6.270689124814689e-02  1.934583955053583e+00
6.522143444012996e-02  1.909869708801248e+00
6.783681068791429e-02  1.883558186866548e+00
7.055706339197701e-02  1.855582965181798e+00
7.338639809295146e-02  1.825881139810259e+00
7.632918897343931e-02  1.794394665869149e+00
7.938998562054503e-02  1.761071877683464e+00
8.257352005958762e-02  1.725869194976404e+00
8.588471406986395e-02  1.688753014717959e+00
8.932868679377363e-02  1.649701781292513e+00
9.291076265106959e-02  1.608708218602993e+00
9.663647957046972e-02  1.565781696306016e+00
1.005115975513554e-01  1.520950688309867e+00
1.045421075687942e-01  1.474265264785443e+00
1.087342408356533e-01  1.425799539196640e+00
1.130944784361231e-01  1.375653969420276e+00
1.176295613455446e-01  1.323957387373428e+00
1.223465008520320e-01  1.270868605597000e+00
1.272525893960008e-01  1.216577423414148e+00
1.323554118443610e-01  1.161304831746861e+00
1.376628572168055e-01  1.105302197433137e+00
1.431831308823204e-01  1.048849198901266e+00
1.489247672447768e-01  9.922502903065276e-01
1.548966429372125e-01  9.358294966672078e-01
1.611079905452046e-01  8.799233948390266e-01
1.675684128805486e-01  8.248722212794706e-01
1.742878978273110e-01  7.710091738211564e-01
1.812768337832081e-01  7.186481455453611e-01
1.885460257201833e-01  6.680703450435309e-01
1.961067118890127e-01  6.195105134822848e-01
2.039705811937643e-01  5.731437305962849e-01
2.121497912629729e-01  5.290740826963282e-01
2.206569872454671e-01  4.873267050506288e-01
2.295053213599091e-01  4.478448516644877e-01
2.387084732282693e-01  4.104936159685042e-01
2.482806710246727e-01  3.750716456552689e-01
2.582367134723124e-01  3.413315863024764e-01
2.685919927224390e-01  3.090089968857225e-01
2.793625181507959e-01  2.778581027282143e-01
2.905649411082900e-01  2.476910715548561e-01
3.022165806641642e-01  2.184157227663470e-01
3.143354503814687e-01  1.900650639740917e-01
3.269402861662282e-01  1.628112927504476e-01
3.400505752333581e-01  1.369574961984397e-01
3.536865862341144e-01  1.129027769033546e-01
3.678694005916514e-01  9.108122371261963e-02
3.826209450931333e-01  7.188177601645669e-02
3.979640257887896e-01  5.556350998607038e-02
4.139223632503193e-01  4.218711838392781e-02
4.305206292431561e-01  3.158545357332055e-02
4.477844848692893e-01  2.339093962003525e-02
4.657406202396102e-01  1.712366543162029e-02
4.844167957371172e-01  1.232232800573276e-02
5.038418849347740e-01  8.676791805183425e-03
5.240459192343709e-01  6.106445198892186e-03
5.450601342954027e-01  4.735200690079791e-03
5.669170183257426e-01  4.749717742522239e-03
5.896503623087687e-01  6.186757301823732e-03
6.132953122445970e-01  8.753717047471594e-03
6.378884234861840e-01  1.180342239198564e-02
6.634677172543054e-01  1.452557899228757e-02
6.900727394187818e-01  1.628687157211626e-02
7.177446216368288e-01  1.691718398977544e-02
7.465261449430520e-01  1.671533963749862e-02
7.764618058893979e-01  1.611486025853378e-02
8.075978853373129e-01  1.524420033691165e-02
8.399825200084643e-01  1.379368730946355e-02
8.736657769046429e-01  1.140306899143756e-02
9.086997307118981e-01  8.251864523056724e-03
9.451385443085771e-01  5.175070849124516e-03
9.830385525017301e-01  3.012548360572550e-03
1.022458349121343e+00  1.850652841958615e-03
1.063458877607042e+00  1.162216881027181e-03
1.106103525227327e+00  7.527540380834961e-04
1.150458221076980e+00  1.086107776929879e-03
1.196591538004178e+00  2.299378042377826e-03
1.244574798624865e+00  3.515265859216706e-03
1.294482185588309e+00  3.925832820252185e-03
1.346390856264287e+00  3.845249367866310e-03
1.400381062029234e+00  3.626055526554957e-03
1.456536272335752e+00  2.774870461914370e-03
1.514943303757302e+00  1.433252347525405e-03
1.575692454207586e+00  6.306792086703769e-04
1.638877642542111e+00  3.411249722154871e-04
1.704596553757779e+00  2.160903071398937e-04
1.772950790014964e+00  6.993161275858618e-04
1.844046027715571e+00  1.217245955871664e-03
1.917992180879919e+00  1.235799908957718e-03
1.994903571075026e+00  1.135945983216059e-03
2.074899104157009e+00  6.091753628198333e-04
2.158102454100847e+00  1.946445910051162e-04
2.244642254201712e+00  8.243809949538605e-05
2.334652295943452e+00  1.671279958102824e-04
2.428271735841706e+00  4.054198408001057e-04
2.525645310581406e+00  3.933000733054543e-04
2.626923560781285e+00  2.639469414233433e-04
2.732263063731333e+00  6.076100008629560e-05
2.841826675463009e+00  2.366719313973468e-05
2.955783782526462e+00  9.067195839138162e-05
3.074310563863999e+00  1.128460477521378e-04
3.197590263184674e+00  7.071194477342312e-05
3.325813472261077e+00  1.075308373027520e-05
3.459178425586311e+00  1.057894681250995e-05
3.597891306846706e+00  2.646917390885672e-05
3.742166567684068e+00  1.301403091796483e-05
3.892227259240272e+00  2.074551850521231e-06
4.048305376996791e+00  5.266649116190200e-06
4.210642219442262e+00  2.297506917451099e-06
4.379488761122605e+00  2.549758022496105e-06
4.555106040650438e+00  5.009892008247828e-06
4.737765564273641e+00  9.874403283624204e-07
4.927749725627009e+00  8.268886272080354e-06
5.125352242315922e+00  6.780090659247661e-06
5.330878610006993e+00  1.682436061354816e-06
5.544646574727734e+00  1.401822493799401e-05
5.766986624105415e+00  4.057250108221857e-06
5.998242498304571e+00  8.535871132400889e-06
6.238771721453087e+00  9.206446242704329e-06
6.488946154378430e+00  1.124175113857183e-06
6.749152569508588e+00  7.940803304024789e-06
7.019793248826499e+00  5.937386421995755e-07
7.301286605802427e+00  3.486032224891185e-06
7.594067832265798e+00  3.380825500229971e-07
7.898589571216552e+00  8.085141374762863e-07
8.215322616616215e+00  2.838338945290766e-07
8.544756641240538e+00  1.161583098906763e-07
8.887400953719007e+00  1.283999481511207e-07
9.243785285931590e+00  9.681072096428407e-07
9.614460611980055e+00  9.024824268212712e-07
1.000000000000000e+01  2.905125185440907e-07
