<X> <Y>
5.057994486247582e-04 1.157409136495186e+05
5.116661644582190e-04 1.156012723034522e+05
5.176009277258241e-04 1.154586122779049e+05
5.236045277027705e-04 1.153128740344980e+05
5.296777628189766e-04 1.151639971312059e+05
5.358214407652677e-04 1.150119202221922e+05
5.420363786007921e-04 1.148565810584930e+05
5.483234028616827e-04 1.146979164895969e+05
5.546833496709807e-04 1.145358624659747e+05
5.611170648498321e-04 1.143703540426135e+05
5.676254040299762e-04 1.142013253836124e+05
5.742092327675353e-04 1.140287097678979e+05
5.808694266581297e-04 1.138524395961211e+05
5.876068714533230e-04 1.136724463987994e+05
5.944224631784200e-04 1.134886608457696e+05
6.013171082516312e-04 1.133010127570185e+05
6.082917236046182e-04 1.131094311149636e+05
6.153472368044396e-04 1.129138440782556e+05
6.224845861769083e-04 1.127141789971773e+05
6.297047209313821e-04 1.125103624307184e+05
6.370086012870008e-04 1.123023201654042e+05
6.443971986003870e-04 1.120899772359630e+05
6.518714954948292e-04 1.118732579479148e+05
6.594324859909626e-04 1.116520859021709e+05
6.670811756389650e-04 1.114263840217335e+05
6.748185816522882e-04 1.111960745805872e+05
6.826457330429376e-04 1.109610792348787e+05
6.905636707583236e-04 1.107213190564799e+05
6.985734478196984e-04 1.104767145690355e+05
7.066761294621997e-04 1.102271857865964e+05
7.148727932765178e-04 1.099726522549421e+05
7.231645293522071e-04 1.097130330956999e+05
7.315524404226584e-04 1.094482470533664e+05
7.400376420117548e-04 1.091782125453438e+05
7.486212625822236e-04 1.089028477151011e+05
7.573044436857183e-04 1.086220704885737e+05
7.660883401146313e-04 1.083357986339169e+05
7.749741200556736e-04 1.080439498247277e+05
7.839629652452339e-04 1.077464417068533e+05
7.930560711265398e-04 1.074431919689036e+05
8.022546470086419e-04 1.071341184165845e+05
8.115599162272424e-04 1.068191390509730e+05
8.209731163073885e-04 1.064981721508498e+05
8.304954991280533e-04 1.061711363592079e+05
8.401283310886257e-04 1.058379507740553e+05
8.498728932773306e-04 1.054985350436258e+05
8.597304816416037e-04 1.051528094661125e+05
8.697024071604422e-04 1.048006950940343e+05
8.797899960187533e-04 1.044421138433468e+05
8.899945897837276e-04 1.040769886073994e+05
9.003175455832547e-04 1.037052433758434e+05
9.107602362864119e-04 1.033268033585837e+05
9.213240506860435e-04 1.029415951148697e+05
9.320103936834594e-04 1.025495466876060e+05
9.428206864752763e-04 1.021505877429640e+05
9.537563667424208e-04 1.017446497153623e+05
9.648188888413394e-04 1.013316659578773e+05
9.760097239974029e-04 1.009115718981355e+05
9.873303605005780e-04 1.004843051997273e+05
9.987823039033523e-04 1.000498059291695e+05
1.010367077220963e-03 9.960801672843230e+04
1.022086221133943e-03 9.915888299302924e+04
1.033941294193023e-03 9.870235305565574e+04
1.045933873026400e-03 9.823837837534155e+04
1.058065552549422e-03 9.776691373206534e+04
1.070337946176696e-03 9.728791742675900e+04
1.082752686036658e-03 9.680135148660677e+04
1.095311423188635e-03 9.630718187552126e+04
1.108015827842422e-03 9.580537870965185e+04
1.120867589580404e-03 9.529591647775576e+04
1.133868417582261e-03 9.477877426622940e+04
1.147020040852269e-03 9.425393598857113e+04
1.160324208449251e-03 9.372139061900870e+04
1.173782689719181e-03 9.318113242999311e+04
1.187397274530495e-03 9.263316123322053e+04
1.201169773512130e-03 9.207748262380656e+04
1.215102018294323e-03 9.151410822719378e+04
1.229195861752200e-03 9.094305594833013e+04
1.243453178252194e-03 9.036435022261075e+04
1.257875863901327e-03 8.977802226802336e+04
1.272465836799365e-03 8.918411033789323e+04
1.287225037293921e-03 8.858265997356312e+04
1.302155428238499e-03 8.797372425629463e+04
1.317258995253538e-03 8.735736405761733e+04
1.332537746990485e-03 8.673364828729142e+04
1.347993715398930e-03 8.610265413799192e+04
1.363628955996836e-03 8.546446732575602e+04
1.379445548143909e-03 8.481918232517110e+04
1.395445595318133e-03 8.416690259821581e+04
1.411631225395519e-03 8.350774081559633e+04
1.428004590933091e-03 8.284181906935415e+04
1.444567869455162e-03 8.216926907544881e+04
1.461323263742926e-03 8.149023236495182e+04
1.478273002127408e-03 8.080486046241492e+04
1.495419338785818e-03 8.011331504990892e+04
1.512764554041335e-03 7.941576811515713e+04
1.530310954666371e-03 7.871240208212183e+04
1.548060874189356e-03 7.800340992233437e+04
1.566016673205077e-03 7.728899524519661e+04
1.584180739688611e-03 7.656937236542191e+04
1.602555489312924e-03 7.584476634572323e+04
1.621143365770112e-03 7.511541301281081e+04
1.639946841096417e-03 7.438155894470657e+04
1.658968416000964e-03 7.364346142735206e+04
1.678210620198352e-03 7.290138837844535e+04
1.697676012745080e-03 7.215561823642580e+04
1.717367182379880e-03 7.140643981250680e+04
1.737286747867996e-03 7.065415210365623e+04
1.757437358349464e-03 6.989906406443269e+04
1.777821693691421e-03 6.914149433560835e+04
1.798442464844509e-03 6.838177092754885e+04
1.819302414203408e-03 6.762023085637311e+04
1.840404315971551e-03 6.685721973099052e+04
1.861750976530072e-03 6.609309128920529e+04
1.883345234811032e-03 6.532820688119043e+04
1.905189962674972e-03 6.456293489877202e+04
1.927288065292849e-03 6.379765014912466e+04
1.949642481532400e-03 6.303273317166745e+04
1.972256184348987e-03 6.226856949716441e+04
1.995132181180977e-03 6.150554884827898e+04
2.018273514349697e-03 6.074406428110753e+04
2.041683261464063e-03 5.998451126752294e+04
2.065364535829840e-03 5.922728671850622e+04
2.089320486863728e-03 5.847278794901220e+04
2.113554300512168e-03 5.772141158533556e+04
2.138069199675085e-03 5.697355241638415e+04
2.162868444634473e-03 5.622960219075743e+04
2.187955333488010e-03 5.548994836204368e+04
2.213333202587669e-03 5.475497278531155e+04
2.239005426983427e-03 5.402505036836336e+04
2.264975420872118e-03 5.330054768194472e+04
2.291246638051494e-03 5.258182153376757e+04
2.317822572379554e-03 5.186921751189337e+04
2.344706758239195e-03 5.116306850374169e+04
2.371902771008258e-03 5.046369319773243e+04
2.399414227535027e-03 4.977139457532988e+04
2.427244786619234e-03 4.908645840203165e+04
2.455398149498656e-03 4.840915172662868e+04
2.483878060341344e-03 4.773972139884329e+04
2.512688306743572e-03 4.707839261622744e+04
2.541832720233552e-03 4.642536751195932e+04
2.571315176781001e-03 4.578082379590526e+04
2.601139597312609e-03 4.514491346200323e+04
2.631309948233484e-03 4.451776157566090e+04
2.661830241954678e-03 4.389946515543190e+04
2.692704537426763e-03 4.329009216372645e+04
2.723936940679687e-03 4.268968062170150e+04
2.755531605368793e-03 4.209823786376113e+04
2.787492733327261e-03 4.151573994724100e+04
2.819824575124899e-03 4.094213123285335e+04
2.852531430633434e-03 4.037732415129725e+04
2.885617649598368e-03 3.982119917108041e+04
2.919087632217451e-03 3.927360498203448e+04
2.952945829725876e-03 3.873435890821198e+04
2.987196744988255e-03 3.820324756281774e+04
3.021844933097464e-03 3.768002775652612e+04
3.056895001980434e-03 3.716442766895747e+04
3.092351613010966e-03 3.665614829121732e+04
3.128219481629658e-03 3.615486514522509e+04
3.164503377971016e-03 3.566023028307305e+04
3.201208127497850e-03 3.517187456685169e+04
3.238338611643016e-03 3.468941022625728e+04
3.275899768458605e-03 3.421243368786573e+04
3.313896593272672e-03 3.374052866622600e+04
3.352334139353565e-03 3.327326950291308e+04
3.391217518581977e-03 3.281022473541524e+04
3.430551902130767e-03 3.235096087324037e+04
3.470342521152719e-03 3.189504635396195e+04
3.510594667476194e-03 3.144205564713796e+04
3.551313694308955e-03 3.099157346918335e+04
3.592505016950046e-03 3.054319906744574e+04
3.634174113510023e-03 3.009655052699233e+04
3.676326525639479e-03 2.965126904907771e+04
3.718967859266043e-03 2.920702314601689e+04
3.762103785339925e-03 2.876351269336540e+04
3.805740040588100e-03 2.832047277702295e+04
3.849882428277253e-03 2.787767727027118e+04
3.894536818985560e-03 2.743494207396070e+04
3.939709151383433e-03 2.699212795222648e+04
3.985405433023310e-03 2.654914289637316e+04
4.031631741138613e-03 2.610594395107654e+04
4.078394223451970e-03 2.566253843992824e+04
4.125699098992811e-03 2.521898453173211e+04
4.173552658924452e-03 2.477539109495031e+04
4.221961267380764e-03 2.433191679538366e+04
4.270931362312553e-03 2.388876840161364e+04
4.320469456343758e-03 2.344619827395712e+04
4.370582137637560e-03 2.300450102568154e+04
4.421276070772595e-03 2.256400935993057e+04
4.472557997629229e-03 2.212508910211473e+04
4.524434738286238e-03 2.168813346524449e+04
4.576913191927759e-03 2.125355660460487e+04
4.630000337760892e-03 2.082178653796733e+04
4.683703235943808e-03 2.039325752785070e+04
4.738029028524748e-03 1.996840204270887e+04
4.792984940391834e-03 1.954764243383768e+04
4.848578280233919e-03 1.913138248365205e+04
4.904816441512591e-03 1.871999899814582e+04
4.961706903445435e-03 1.831383363110541e+04
5.019257232000716e-03 1.791318513926498e+04
5.077475080903586e-03 1.751830227530458e+04
5.136368192653968e-03 1.712937752864853e+04
5.195944399556247e-03 1.674654192168865e+04
5.256211624760901e-03 1.636986106066840e+04
5.317177883318217e-03 1.599933262544437e+04
5.378851283244233e-03 1.563488546024740e+04
5.441240026599009e-03 1.527638039812750e+04
5.504352410577493e-03 1.492361291492164e+04
5.568196828612905e-03 1.457631766453415e+04
5.632781771493076e-03 1.423417489654009e+04
5.698115828489569e-03 1.389681870043793e+04
5.764207688500070e-03 1.356384695943740e+04
5.831066141203849e-03 1.323483283201440e+04
5.898700078230815e-03 1.290933751348638e+04
5.967118494343923e-03 1.258692396483011e+04
6.036330488635515e-03 1.226717123445069e+04
6.106345265737317e-03 1.194968894348922e+04
6.177172137044683e-03 1.163413145956434e+04
6.248820521954841e-03 1.132021125074007e+04
6.321299949119666e-03 1.100771089409668e+04
6.394620057712880e-03 1.069649321448421e+04
6.468790598711989e-03 1.038650905141097e+04
6.543821436195089e-03 1.007780219757002e+04
6.619722548652700e-03 9.770511122481508e+03
6.696504030314831e-03 9.464867189414146e+03
6.774176092493427e-03 9.161189192282010e+03
6.852749064940391e-03 8.859874179404931e+03
6.932233397221355e-03 8.561384689235167e+03
7.012639660105400e-03 8.266232694229202e+03
7.093978546970841e-03 7.974960726296226e+03
7.176260875227439e-03 7.688120832569822e+03
7.259497587754920e-03 7.406252174280899e+03
7.343699754358411e-03 7.129858223986933e+03
7.428878573240507e-03 6.859384626600633e+03
7.515045372490667e-03 6.595198856888379e+03
7.602211611591634e-03 6.337572820486845e+03
7.690388882943576e-03 6.086669498626557e+03
7.779588913405655e-03 5.842534622644410e+03
7.869823565855735e-03 5.605094180169012e+03
7.961104840767919e-03 5.374158301742192e+03
8.053444877808616e-03 5.149431760404590e+03
8.146855957450964e-03 4.930530948404787e+03
8.241350502608050e-03 4.717006791006268e+03
8.336941080285053e-03 4.508372638900997e+03
8.433640403250554e-03 4.304135774136576e+03
8.531461331727230e-03 4.103830799423688e+03
8.630416875102158e-03 3.907052888870591e+03
8.730520193656962e-03 3.713488691132417e+03
8.831784600318020e-03 3.522942622565383e+03
8.934223562426971e-03 3.335356391655289e+03
9.037850703531773e-03 3.150819871694061e+03
9.142679805198518e-03 2.969571889995660e+03
9.248724808844238e-03 2.791990118599836e+03
9.355999817591087e-03 2.618570007486248e+03
9.464519098141812e-03 2.449893554517554e+03
9.574297082677256e-03 2.286589598637330e+03
9.685348370775568e-03 2.129288182871578e+03
9.797687731353977e-03 1.978572280758333e+03
9.911330104632791e-03 1.834930730020861e+03
1.002629060412247e-02 1.698716490972586e+03
1.014258451863348e-02 1.570114277821411e+03
1.026022731430966e-02 1.449121154753818e+03
1.037923463668502e-02 1.335542832975344e+03
1.049962231276455e-02 1.229007176325004e+03
1.062140635312904e-02 1.128994892038164e+03
1.074460295406435e-02 1.034885664697857e+03
1.086922849971539e-02 9.460162408077608e+02
1.099529956426511e-02 8.617453746368082e+02
1.112283291413868e-02 7.815193035551367e+02
1.125184551023331e-02 7.049307269919268e+02
1.138235451017394e-02 6.317642797969934e+02
1.151437727059502e-02 5.620223224374571e+02
1.164793134944883e-02 4.959265383970715e+02
1.178303450834051e-02 4.338932524382544e+02
1.191970471489026e-02 3.764833693057762e+02
1.205796014512285e-02 3.243310803262933e+02
1.219781918588490e-02 2.780586066454817e+02
1.233930043729016e-02 2.381868034315365e+02
1.248242271519320e-02 2.050530027264036e+02
1.262720505369176e-02 1.787476544811393e+02
1.277366670765811e-02 1.590799025457601e+02
1.292182715529981e-02 1.455791709906036e+02
1.307170610075014e-02 1.375353464738884e+02
1.322332347668863e-02 1.340746946508927e+02
1.337669944699186e-02 1.342629485397438e+02
1.353185440941519e-02 1.372219255343566e+02
1.368880899830541e-02 1.422424895932135e+02
1.384758408734502e-02 1.488754997415760e+02
1.400820079232818e-02 1.569841350820732e+02
1.417068047396899e-02 1.667458013358618e+02
1.433504474074229e-02 1.785993169549092e+02
1.450131545175738e-02 1.931422975921258e+02
1.466951471966514e-02 2.109931615497890e+02
1.483966491359881e-02 2.326402101955118e+02
1.501178866214891e-02 2.583050182748602e+02
1.518590885637263e-02 2.878474580701056e+02
1.536204865283822e-02 3.207343425148739e+02
1.554023147670457e-02 3.560831752815148e+02
1.572048102483656e-02 3.927782611970663e+02
1.590282126895662e-02 4.296409481671460e+02
1.608727645883268e-02 4.656222541438539e+02
1.627387112550325e-02 4.999779166187607e+02
1.646263008453983e-02 5.323856861145563e+02
1.665357843934721e-02 5.629737476060748e+02
1.684674158450197e-02 5.922467488495785e+02
1.704214520912976e-02 6.209190475944318e+02
1.723981530032181e-02 6.496885288365477e+02
1.743977814659089e-02 6.790027194981724e+02
1.764206034136756e-02 7.088763229978822e+02
1.784668878653686e-02 7.388120519146523e+02
1.805369069601600e-02 7.678544768975880e+02
1.826309359937364e-02 7.947734075412124e+02
1.847492534549108e-02 8.183368164746956e+02
1.868921410626592e-02 8.376036034516106e+02
1.890598838035872e-02 8.521534281118525e+02
1.912527699698306e-02 8.621809325169166e+02
1.934710911973960e-02 8.684153547200411e+02
1.957151425049466e-02 8.718767650549956e+02
1.979852223330360e-02 8.735332414560655e+02
2.002816325837996e-02 8.739621511771096e+02
2.026046786611045e-02 8.731280428383606e+02
2.049546695111660e-02 8.703617453098743e+02
2.073319176636347e-02 8.645642520972270e+02
2.097367392731604e-02 8.545817295279456e+02
2.121694541614385e-02 8.396304248489381e+02
2.146303858597430e-02 8.196191945430852e+02
2.171198616519543e-02 7.952402826335432e+02
2.196382126180845e-02 7.677750797366868e+02
2.221857736783093e-02 7.386685100805917e+02
2.247628836375084e-02 7.090243984220235e+02
2.273698852303249e-02 6.792222122192426e+02
2.300071251667458e-02 6.488248185771726e+02
2.326749541782116e-02 6.168388630435670e+02
2.353737270642607e-02 5.822405197405495e+02
2.381038027397148e-02 5.445512184296550e+02
2.408655442824120e-02 5.042031313521149e+02
2.436593189814926e-02 4.625064195943075e+02
2.464854983862461e-02 4.212019681250107e+02
2.493444583555240e-02 3.817844092736404e+02
2.522365791077263e-02 3.449133726846794e+02
2.551622452713664e-02 3.102173190956073e+02
2.581218459362249e-02 2.766195243240076e+02
2.611157747050948e-02 2.430501937629882e+02
2.641444297461271e-02 2.091850769042741e+02
2.672082138457846e-02 1.758010783371538e+02
2.703075344624087e-02 1.445171638800532e+02
2.734428037804084e-02 1.170232187078538e+02
2.766144387650770e-02 9.421299655019956e+01
2.798228612180459e-02 7.573532214958023e+01
2.830684978333798e-02 6.026817166021756e+01
2.863517802543243e-02 4.639273433692763e+01
2.896731451307104e-02 3.354625794610452e+01
2.930330341770258e-02 2.243222672629848e+01
2.964318942311592e-02 1.457426400529278e+01
2.998701773138260e-02 1.126004713728382e+01
3.033483406886834e-02 1.257254561024305e+01
3.068668469231428e-02 1.720714064017546e+01
3.104261639498875e-02 2.326163713025739e+01
3.140267651291039e-02 2.947660418666392e+01
3.176691293114344e-02 3.601428306942599e+01
3.213537409016612e-02 4.414430912764625e+01
3.250810899231275e-02 5.501950528077181e+01
3.288516720829068e-02 6.848008958168694e+01
3.326659888377281e-02 8.288153408788951e+01
3.365245474606657e-02 9.615948524590904e+01
3.404278611086021e-02 1.072947895087079e+02
3.443764488904735e-02 1.169202010755603e+02
3.483708359363075e-02 1.264804961774525e+02
3.524115534670610e-02 1.366391809690118e+02
3.564991388652679e-02 1.463860357046721e+02
3.606341357465073e-02 1.537424950609290e+02
3.648170940316993e-02 1.574702532588992e+02
3.690485700202405e-02 1.581429710362119e+02
3.733291264639862e-02 1.574650207194106e+02
3.776593326420939e-02 1.564565673203714e+02
3.820397644367305e-02 1.543675082422223e+02
3.864710044096617e-02 1.495261272305897e+02
3.909536418797269e-02 1.412791017261274e+02
3.954882730012141e-02 1.308939312868692e+02
4.000755008431440e-02 1.203406079668774e+02
4.047159354694725e-02 1.102765711081425e+02
4.094101940202249e-02 9.959156193489710e+01
4.141589007935702e-02 8.711672451246710e+01
4.189626873288475e-02 7.345375765672898e+01
4.238221924905564e-02 6.060726255890132e+01
4.287380625533193e-02 4.980317034180955e+01
4.337109512878320e-02 4.028139625660557e+01
4.387415200478097e-02 3.069460929881224e+01
4.438304378579410e-02 2.127041967218820e+01
4.489783815028633e-02 1.374198028470187e+01
4.541860356171692e-02 9.078275795184545e+00
4.594540927764581e-02 6.230800042561763e+00
4.647832535894421e-02 3.757952352203431e+00
4.701742267911221e-02 1.948478088160470e+00
4.756277293370433e-02 2.213743035682825e+00
4.811444864986448e-02 4.659718806509355e+00
4.867252319597140e-02 7.672433570722567e+00
4.923707079139619e-02 1.022048988110851e+01
4.980816651637276e-02 1.312988525328262e+01
5.038588632198299e-02 1.721263950019613e+01
5.097030704025750e-02 2.144983323012878e+01
5.156150639439376e-02 2.440105375094872e+01
5.215956300909263e-02 2.636370492212381e+01
5.276455642101478e-02 2.841827260845342e+01
5.337656708935845e-02 3.014897403295615e+01
5.399567640655985e-02 3.030686905421279e+01
5.462196670911769e-02 2.912224567870938e+01
5.525552128854327e-02 2.778636179525472e+01
5.589642440243756e-02 2.617502054861621e+01
5.654476128569681e-02 2.337904176586292e+01
5.720061816184805e-02 1.986847615060078e+01
5.786408225451622e-02 1.676270168817763e+01
5.853524179902393e-02 1.381583606482869e+01
5.921418605412642e-02 1.042449741484920e+01
5.990100531388199e-02 7.317467130523193e+00
6.059579091966046e-02 5.162885580552161e+00
6.129863527229080e-02 3.343582220578398e+00
6.200963184434969e-02 1.646176132541115e+00
6.272887519259265e-02 7.893396336080646e-01
6.345646097052929e-02 6.399596856767190e-01
6.419248594114442e-02 5.192099863749114e-01
6.493704798976681e-02 7.122641870880424e-01
6.569024613708704e-02 1.421739591450139e+00
6.645218055232657e-02 2.010267338485388e+00
6.722295256655933e-02 2.430755654745238e+00
6.800266468618799e-02 3.009396209637852e+00
6.879142060657641e-02 3.342954713390958e+00
6.958932522584037e-02 3.310933797592087e+00
7.039648465879809e-02 3.272961672586884e+00
7.121300625108266e-02 3.025542844880059e+00
7.203899859341815e-02 2.515030560994401e+00
7.287457153606129e-02 2.077157655115980e+00
7.371983620341062e-02 1.581546897084483e+00
7.457490500878516e-02 1.047933229591602e+00
7.543989166937461e-02 7.078473129303270e-01
7.631491122136234e-02 4.035782857890285e-01
7.720008003522491e-02 1.982259816303271e-01
7.809551583120795e-02 1.569188338522045e-01
7.900133769498213e-02 1.130083268626289e-01
7.991766609348060e-02 1.587524224171382e-01
8.084462289092005e-02 2.105968128213993e-01
8.178233136500776e-02 2.167059080345350e-01
8.273091622333641e-02 2.495972212823004e-01
8.369050361996926e-02 1.989659039483926e-01
8.466122117221757e-02 1.727894373513633e-01
8.564319797761273e-02 1.265706247466491e-01
8.663656463107507e-02 8.952522242526570e-02
8.764145324228202e-02 1.286364532395912e-01
8.865799745323756e-02 1.535747669547913e-01
8.968633245604557e-02 2.926688839352190e-01
9.072659501088923e-02 3.855056818589991e-01
9.177892346421905e-02 5.212068727382861e-01
9.284345776715178e-02 5.906808320498266e-01
9.392033949408281e-02 5.803753307994255e-01
9.500971186151438e-02 5.568149833985789e-01
9.611171974710228e-02 4.035168463991879e-01
9.722650970892335e-02 3.305631037346441e-01
9.835423000496629e-02 1.316684485775174e-01
9.949503061284921e-02 1.121792449931291e-01
1.006490632497652e-01 7.334166582776086e-02
1.018164813926593e-01 2.683830016442340e-01
1.029974402986401e-01 4.720536336877161e-01
1.041920970256272e-01 8.304234260846193e-01
1.054006104532391e-01 1.126169367523946e+00
1.066231413039226e-01 1.406289341599626e+00
1.078598521643275e-01 1.521989265417277e+00
1.091109075069296e-01 1.516461627656154e+00
1.103764737119040e-01 1.298644300126689e+00
1.116567190892523e-01 1.001371760008385e+00
1.129518139011867e-01 5.961265443607225e-01
1.142619303847731e-01 3.120936011610186e-01
1.155872427748375e-01 6.403994253265743e-02
1.169279273271378e-01 1.084937178109855e-01
1.182841623418042e-01 2.073084521585462e-01
1.196561281870519e-01 5.907080122072365e-01
1.210440073231685e-01 8.768298702668673e-01
1.224479843267797e-01 1.243309983610904e+00
1.238682459153964e-01 1.355845868197341e+00
1.253049809722471e-01 1.336890258757266e+00
1.267583805713968e-01 1.133789512748036e+00
1.282286380031596e-01 7.646607797685728e-01
1.297159487998037e-01 4.661100001036029e-01
1.312205107615562e-01 1.469987065194708e-01
1.327425239829086e-01 4.554624748758595e-02
1.342821908792278e-01 8.036129768026767e-02
1.358397162136760e-01 2.021760100976343e-01
1.374153071244419e-01 4.252349330451436e-01
1.390091731522891e-01 5.522968594453640e-01
1.406215262684227e-01 5.934668867303592e-01
1.422525809026804e-01 5.480978934975644e-01
1.439025539720491e-01 3.833812293176110e-01
1.455716649095139e-01 2.154784612180050e-01
1.472601356932405e-01 9.433768520408248e-02
1.489681908760962e-01 2.003798123715565e-02
1.506960576155144e-01 1.843031051434702e-02
1.524439657037040e-01 6.342131893996313e-02
1.542121475982101e-01 9.705954802528838e-02
1.560008384528291e-01 1.010694211801385e-01
1.578102761488819e-01 8.233649928360037e-02
1.596407013268506e-01 4.944889145656611e-02
1.614923574183817e-01 1.984026269176498e-02
1.633654906786597e-01 7.328370778791334e-03
1.652603502191584e-01 1.003269470285376e-02
1.671771880407695e-01 1.550545987127063e-02
1.691162590673175e-01 1.439801153161537e-02
1.710778211794620e-01 9.721116508468450e-03
1.730621352489937e-01 1.154305769863221e-02
1.750694651735288e-01 2.560250618641119e-02
1.771000779116043e-01 4.612802381163197e-02
1.791542435181824e-01 5.916115804537422e-02
1.812322351805647e-01 5.279064673616937e-02
1.833343292547243e-01 2.940421009874010e-02
1.854608053020589e-01 1.092129619371628e-02
1.876119461265701e-01 2.264015444696076e-02
1.897880378124740e-01 7.063116083740403e-02
1.919893697622483e-01 1.309601689331999e-01
1.942162347351201e-01 1.627358563853619e-01
1.964689288860007e-01 1.407860278512876e-01
1.987477518048721e-01 7.848734680597909e-02
2.010530065566292e-01 2.238295526102937e-02
2.033849997213859e-01 1.818928772399729e-02
2.057440414352472e-01 7.204325144338730e-02
2.081304454315550e-01 1.430445419041320e-01
2.105445290826119e-01 1.737662391563100e-01
2.129866134418890e-01 1.391583204113808e-01
2.154570232867240e-01 6.734392479275897e-02
2.179560871615134e-01 1.381958689364586e-02
2.204841374214065e-01 1.321541647289980e-02
2.230415102765057e-01 5.056486235888109e-02
2.256285458365799e-01 8.085154927767790e-02
2.282455881562963e-01 7.460287947826649e-02
2.308929852809766e-01 4.095007649217584e-02
2.335710892928848e-01 1.146395418486017e-02
2.362802563580507e-01 4.273131474591645e-03
2.390208467736372e-01 1.087610190072312e-02
2.417932250158570e-01 1.370920819782691e-02
2.445977597884452e-01 7.897420624831460e-03
2.474348240716933e-01 2.546964080345529e-03
2.503047951720531e-01 2.921769997544049e-03
2.532080547723151e-01 4.190101699746979e-03
2.561449889823691e-01 2.926765478245565e-03
2.591159883905542e-01 4.287009184842761e-03
2.621214481156032e-01 1.220474802954639e-02
2.651617678591906e-01 1.748209761409801e-02
2.682373519590895e-01 1.090023300433123e-02
2.713486094429457e-01 2.966705401478013e-03
2.744959540826737e-01 1.179753058082968e-02
2.776798044494866e-01 3.359983905648285e-02
2.809005839695621e-01 4.279321337949352e-02
2.841587209803543e-01 2.639342747030543e-02
2.874546487875594e-01 4.731565416419472e-03
2.907888057227422e-01 9.563011814574238e-03
2.941616352016300e-01 3.669098934319550e-02
2.975735857830835e-01 4.257390977380715e-02
3.010251112287517e-01 1.947326763285040e-02
3.045166705634183e-01 3.483475822459196e-03
3.080487281360483e-01 8.295535460702906e-03
3.116217536815426e-01 1.973545332767247e-02
3.152362223832090e-01 1.526905487233471e-02
3.188926149359576e-01 4.262858377647244e-03
3.225914176102295e-01 1.942992530138097e-03
3.263331223166664e-01 3.822828367354593e-03
3.301182266715314e-01 2.427456603743260e-03
3.339472340628871e-01 1.367825793598241e-03
3.378206537175428e-01 2.013768396645313e-03
3.417390007687772e-01 1.619972595029153e-03
3.457027963248467e-01 3.188072331120851e-03
3.497125675382896e-01 7.165830143548842e-03
3.537688476760308e-01 5.677919643857558e-03
3.578721761903050e-01 1.762306285141080e-03
3.620230987903972e-01 8.195033222333319e-03
3.662221675152187e-01 1.698223362213791e-02
3.704699408067230e-01 9.400971105402202e-03
3.747669835841747e-01 1.197199261241439e-03
3.791138673192788e-01 1.071751327679258e-02
3.835111701121820e-01 1.610670394704737e-02
3.879594767683551e-01 5.643632116999970e-03
3.924593788763674e-01 1.724319854808623e-03
3.970114748865636e-01 6.922042048836412e-03
4.016163701906519e-01 5.227751286334517e-03
4.062746772022170e-01 1.436890325030752e-03
4.109870154381661e-01 1.836217017581837e-03
4.157540116011189e-01 1.408909031502862e-03
4.205762996627547e-01 1.262801156166256e-03
4.254545209481249e-01 1.343570969684210e-03
4.303893242209445e-01 1.639900886048043e-03
4.353813657698721e-01 4.204766379379129e-03
4.404313094957911e-01 2.641611628239600e-03
4.455398270001028e-01 1.769051598091653e-03
4.507075976740449e-01 7.297620960853408e-03
4.559353087890426e-01 5.025049815248025e-03
4.612236555881133e-01 1.252855427220951e-03
4.665733413783263e-01 6.466723018859456e-03
4.719850776243372e-01 5.001495254557888e-03
4.774595840430070e-01 1.281582907975950e-03
4.829975886991188e-01 3.160862984560106e-03
4.885998281022042e-01 1.997851118398544e-03
4.942670473044931e-01 1.179294589406889e-03
5.000000000000000e-01 1.191616414588354e-03
