-4.226346174875894945e+01 9.166452636718750568e+01 8.604088528951010062e+01 1.000000000000000000e+00
-3.516955900192260742e+01 9.166452636718750568e+01 5.081100130081176758e+01 1.000000000000000000e+00
-3.516955900192260742e+01 9.166452636718750568e+01 7.899490849177043117e+01 1.000000000000000000e+00
-3.516955900192260742e+01 9.166452636718750568e+01 8.604088528951010062e+01 1.000000000000000000e+00
-3.516955900192260742e+01 9.166452636718750568e+01 9.308686208724975586e+01 1.000000000000000000e+00
-2.807565625508626184e+01 9.166452636718750568e+01 5.081100130081176758e+01 1.000000000000000000e+00
-2.807565625508626184e+01 9.166452636718750568e+01 9.308686208724975586e+01 1.000000000000000000e+00
-6.793948014577225081e+00 9.166452636718750568e+01 8.604088528951010062e+01 1.000000000000000000e+00
-6.793948014577225081e+00 9.166452636718750568e+01 9.308686208724975586e+01 1.000000000000000000e+00
2.999547322591169518e-01 9.166452636718750568e+01 5.785697809855143703e+01 1.000000000000000000e+00
2.999547322591169518e-01 9.166452636718750568e+01 7.899490849177043117e+01 1.000000000000000000e+00
2.999547322591169518e-01 9.166452636718750568e+01 8.604088528951010062e+01 1.000000000000000000e+00
2.999547322591169518e-01 9.166452636718750568e+01 9.308686208724975586e+01 1.000000000000000000e+00
2.999547322591169518e-01 9.166452636718750568e+01 1.001328388849894253e+02 1.000000000000000000e+00
7.393857479095458984e+00 9.166452636718750568e+01 8.604088528951010062e+01 1.000000000000000000e+00
7.393857479095458984e+00 9.166452636718750568e+01 9.308686208724975586e+01 1.000000000000000000e+00
1.448776022593180812e+01 9.166452636718750568e+01 8.604088528951010062e+01 1.000000000000000000e+00
1.448776022593180812e+01 9.166452636718750568e+01 9.308686208724975586e+01 1.000000000000000000e+00
-4.226346174875894945e+01 9.875193481445312216e+01 4.376502450307210523e+01 1.000000000000000000e+00
-4.226346174875894945e+01 9.875193481445312216e+01 5.081100130081176758e+01 1.000000000000000000e+00
-4.226346174875894945e+01 9.875193481445312216e+01 5.785697809855143703e+01 1.000000000000000000e+00
-4.226346174875894945e+01 9.875193481445312216e+01 8.604088528951010062e+01 1.000000000000000000e+00
-4.226346174875894945e+01 9.875193481445312216e+01 1.001328388849894253e+02 1.000000000000000000e+00
-3.516955900192260742e+01 9.875193481445312216e+01 4.376502450307210523e+01 1.000000000000000000e+00
-3.516955900192260742e+01 9.875193481445312216e+01 5.081100130081176758e+01 1.000000000000000000e+00
-3.516955900192260742e+01 9.875193481445312216e+01 7.899490849177043117e+01 1.000000000000000000e+00
-3.516955900192260742e+01 9.875193481445312216e+01 8.604088528951010062e+01 1.000000000000000000e+00
-3.516955900192260742e+01 9.875193481445312216e+01 9.308686208724975586e+01 1.000000000000000000e+00
-3.516955900192260742e+01 9.875193481445312216e+01 1.001328388849894253e+02 1.000000000000000000e+00
-2.807565625508626184e+01 9.875193481445312216e+01 4.376502450307210523e+01 1.000000000000000000e+00
-2.807565625508626184e+01 9.875193481445312216e+01 5.081100130081176758e+01 1.000000000000000000e+00
-2.807565625508626184e+01 9.875193481445312216e+01 5.785697809855143703e+01 1.000000000000000000e+00
-2.807565625508626184e+01 9.875193481445312216e+01 7.194893169403076172e+01 1.000000000000000000e+00
-2.807565625508626184e+01 9.875193481445312216e+01 7.899490849177043117e+01 1.000000000000000000e+00
-2.807565625508626184e+01 9.875193481445312216e+01 8.604088528951010062e+01 1.000000000000000000e+00
-2.807565625508626184e+01 9.875193481445312216e+01 9.308686208724975586e+01 1.000000000000000000e+00
-2.807565625508626184e+01 9.875193481445312216e+01 1.001328388849894253e+02 1.000000000000000000e+00
-2.098175350824991625e+01 9.875193481445312216e+01 7.899490849177043117e+01 1.000000000000000000e+00
-2.098175350824991625e+01 9.875193481445312216e+01 9.308686208724975586e+01 1.000000000000000000e+00
-1.388785076141357422e+01 9.875193481445312216e+01 8.604088528951010062e+01 1.000000000000000000e+00
-6.793948014577225081e+00 9.875193481445312216e+01 5.081100130081176758e+01 1.000000000000000000e+00
-6.793948014577225081e+00 9.875193481445312216e+01 7.899490849177043117e+01 1.000000000000000000e+00
-6.793948014577225081e+00 9.875193481445312216e+01 8.604088528951010062e+01 1.000000000000000000e+00
-6.793948014577225081e+00 9.875193481445312216e+01 9.308686208724975586e+01 1.000000000000000000e+00
-6.793948014577225081e+00 9.875193481445312216e+01 1.001328388849894253e+02 1.000000000000000000e+00
2.999547322591169518e-01 9.875193481445312216e+01 4.376502450307210523e+01 1.000000000000000000e+00
2.999547322591169518e-01 9.875193481445312216e+01 5.081100130081176758e+01 1.000000000000000000e+00
2.999547322591169518e-01 9.875193481445312216e+01 5.785697809855143703e+01 1.000000000000000000e+00
2.999547322591169518e-01 9.875193481445312216e+01 7.899490849177043117e+01 1.000000000000000000e+00
2.999547322591169518e-01 9.875193481445312216e+01 8.604088528951010062e+01 1.000000000000000000e+00
2.999547322591169518e-01 9.875193481445312216e+01 9.308686208724975586e+01 1.000000000000000000e+00
2.999547322591169518e-01 9.875193481445312216e+01 1.001328388849894253e+02 1.000000000000000000e+00
7.393857479095458984e+00 9.875193481445312216e+01 3.671904770533243578e+01 1.000000000000000000e+00
7.393857479095458984e+00 9.875193481445312216e+01 4.376502450307210523e+01 1.000000000000000000e+00
7.393857479095458984e+00 9.875193481445312216e+01 5.081100130081176758e+01 1.000000000000000000e+00
7.393857479095458984e+00 9.875193481445312216e+01 5.785697809855143703e+01 1.000000000000000000e+00
7.393857479095458984e+00 9.875193481445312216e+01 6.490295489629110648e+01 1.000000000000000000e+00
7.393857479095458984e+00 9.875193481445312216e+01 8.604088528951010062e+01 1.000000000000000000e+00
7.393857479095458984e+00 9.875193481445312216e+01 9.308686208724975586e+01 1.000000000000000000e+00
7.393857479095458984e+00 9.875193481445312216e+01 1.001328388849894253e+02 1.000000000000000000e+00
1.448776022593180812e+01 9.875193481445312216e+01 4.376502450307210523e+01 1.000000000000000000e+00
1.448776022593180812e+01 9.875193481445312216e+01 5.785697809855143703e+01 1.000000000000000000e+00
1.448776022593180812e+01 9.875193481445312216e+01 7.899490849177043117e+01 1.000000000000000000e+00
1.448776022593180812e+01 9.875193481445312216e+01 8.604088528951010062e+01 1.000000000000000000e+00
1.448776022593180812e+01 9.875193481445312216e+01 9.308686208724975586e+01 1.000000000000000000e+00
1.448776022593180812e+01 9.875193481445312216e+01 1.001328388849894253e+02 1.000000000000000000e+00
2.158166297276815726e+01 9.875193481445312216e+01 8.604088528951010062e+01 1.000000000000000000e+00
2.158166297276815726e+01 9.875193481445312216e+01 9.308686208724975586e+01 1.000000000000000000e+00
-4.935736449559529859e+01 1.058393432617187528e+02 5.081100130081176758e+01 1.000000000000000000e+00
-4.935736449559529859e+01 1.058393432617187528e+02 5.785697809855143703e+01 1.000000000000000000e+00
-4.935736449559529859e+01 1.058393432617187528e+02 9.308686208724975586e+01 1.000000000000000000e+00
-4.935736449559529859e+01 1.058393432617187528e+02 1.001328388849894253e+02 1.000000000000000000e+00
-4.226346174875894945e+01 1.058393432617187528e+02 5.081100130081176758e+01 1.000000000000000000e+00
-4.226346174875894945e+01 1.058393432617187528e+02 5.785697809855143703e+01 1.000000000000000000e+00
-4.226346174875894945e+01 1.058393432617187528e+02 7.899490849177043117e+01 1.000000000000000000e+00
-4.226346174875894945e+01 1.058393432617187528e+02 8.604088528951010062e+01 1.000000000000000000e+00
-4.226346174875894945e+01 1.058393432617187528e+02 9.308686208724975586e+01 1.000000000000000000e+00
-4.226346174875894945e+01 1.058393432617187528e+02 1.001328388849894253e+02 1.000000000000000000e+00
-4.226346174875894945e+01 1.058393432617187528e+02 1.071788156827290948e+02 1.000000000000000000e+00
-3.516955900192260742e+01 1.058393432617187528e+02 3.671904770533243578e+01 1.000000000000000000e+00
-3.516955900192260742e+01 1.058393432617187528e+02 4.376502450307210523e+01 1.000000000000000000e+00
-3.516955900192260742e+01 1.058393432617187528e+02 5.081100130081176758e+01 1.000000000000000000e+00
-3.516955900192260742e+01 1.058393432617187528e+02 5.785697809855143703e+01 1.000000000000000000e+00
-3.516955900192260742e+01 1.058393432617187528e+02 6.490295489629110648e+01 1.000000000000000000e+00
-3.516955900192260742e+01 1.058393432617187528e+02 7.194893169403076172e+01 1.000000000000000000e+00
-3.516955900192260742e+01 1.058393432617187528e+02 7.899490849177043117e+01 1.000000000000000000e+00
-3.516955900192260742e+01 1.058393432617187528e+02 8.604088528951010062e+01 1.000000000000000000e+00
-3.516955900192260742e+01 1.058393432617187528e+02 9.308686208724975586e+01 1.000000000000000000e+00
-3.516955900192260742e+01 1.058393432617187528e+02 1.001328388849894253e+02 1.000000000000000000e+00
-2.807565625508626184e+01 1.058393432617187528e+02 4.376502450307210523e+01 1.000000000000000000e+00
-2.807565625508626184e+01 1.058393432617187528e+02 5.081100130081176758e+01 1.000000000000000000e+00
-2.807565625508626184e+01 1.058393432617187528e+02 5.785697809855143703e+01 1.000000000000000000e+00
-2.807565625508626184e+01 1.058393432617187528e+02 6.490295489629110648e+01 1.000000000000000000e+00
-2.807565625508626184e+01 1.058393432617187528e+02 7.899490849177043117e+01 1.000000000000000000e+00
-2.807565625508626184e+01 1.058393432617187528e+02 8.604088528951010062e+01 1.000000000000000000e+00
-2.807565625508626184e+01 1.058393432617187528e+02 9.308686208724975586e+01 1.000000000000000000e+00
-2.807565625508626184e+01 1.058393432617187528e+02 1.001328388849894253e+02 1.000000000000000000e+00
-2.807565625508626184e+01 1.058393432617187528e+02 1.071788156827290948e+02 1.000000000000000000e+00
-2.098175350824991625e+01 1.058393432617187528e+02 5.081100130081176758e+01 1.000000000000000000e+00
-2.098175350824991625e+01 1.058393432617187528e+02 5.785697809855143703e+01 1.000000000000000000e+00
-2.098175350824991625e+01 1.058393432617187528e+02 6.490295489629110648e+01 1.000000000000000000e+00
-2.098175350824991625e+01 1.058393432617187528e+02 7.194893169403076172e+01 1.000000000000000000e+00
-2.098175350824991625e+01 1.058393432617187528e+02 7.899490849177043117e+01 1.000000000000000000e+00
-2.098175350824991625e+01 1.058393432617187528e+02 9.308686208724975586e+01 1.000000000000000000e+00
-2.098175350824991625e+01 1.058393432617187528e+02 1.001328388849894253e+02 1.000000000000000000e+00
-1.388785076141357422e+01 1.058393432617187528e+02 5.081100130081176758e+01 1.000000000000000000e+00
-1.388785076141357422e+01 1.058393432617187528e+02 6.490295489629110648e+01 1.000000000000000000e+00
-1.388785076141357422e+01 1.058393432617187528e+02 9.308686208724975586e+01 1.000000000000000000e+00
-1.388785076141357422e+01 1.058393432617187528e+02 1.001328388849894253e+02 1.000000000000000000e+00
-6.793948014577225081e+00 1.058393432617187528e+02 4.376502450307210523e+01 1.000000000000000000e+00
-6.793948014577225081e+00 1.058393432617187528e+02 5.081100130081176758e+01 1.000000000000000000e+00
-6.793948014577225081e+00 1.058393432617187528e+02 5.785697809855143703e+01 1.000000000000000000e+00
-6.793948014577225081e+00 1.058393432617187528e+02 7.194893169403076172e+01 1.000000000000000000e+00
-6.793948014577225081e+00 1.058393432617187528e+02 7.899490849177043117e+01 1.000000000000000000e+00
-6.793948014577225081e+00 1.058393432617187528e+02 8.604088528951010062e+01 1.000000000000000000e+00
-6.793948014577225081e+00 1.058393432617187528e+02 9.308686208724975586e+01 1.000000000000000000e+00
2.999547322591169518e-01 1.058393432617187528e+02 3.671904770533243578e+01 1.000000000000000000e+00
2.999547322591169518e-01 1.058393432617187528e+02 4.376502450307210523e+01 1.000000000000000000e+00
2.999547322591169518e-01 1.058393432617187528e+02 5.081100130081176758e+01 1.000000000000000000e+00
2.999547322591169518e-01 1.058393432617187528e+02 5.785697809855143703e+01 1.000000000000000000e+00
2.999547322591169518e-01 1.058393432617187528e+02 6.490295489629110648e+01 1.000000000000000000e+00
2.999547322591169518e-01 1.058393432617187528e+02 7.194893169403076172e+01 1.000000000000000000e+00
2.999547322591169518e-01 1.058393432617187528e+02 7.899490849177043117e+01 1.000000000000000000e+00
2.999547322591169518e-01 1.058393432617187528e+02 8.604088528951010062e+01 1.000000000000000000e+00
2.999547322591169518e-01 1.058393432617187528e+02 9.308686208724975586e+01 1.000000000000000000e+00
2.999547322591169518e-01 1.058393432617187528e+02 1.001328388849894253e+02 1.000000000000000000e+00
2.999547322591169518e-01 1.058393432617187528e+02 1.071788156827290948e+02 1.000000000000000000e+00
7.393857479095458984e+00 1.058393432617187528e+02 3.671904770533243578e+01 1.000000000000000000e+00
7.393857479095458984e+00 1.058393432617187528e+02 4.376502450307210523e+01 1.000000000000000000e+00
7.393857479095458984e+00 1.058393432617187528e+02 5.081100130081176758e+01 1.000000000000000000e+00
7.393857479095458984e+00 1.058393432617187528e+02 5.785697809855143703e+01 1.000000000000000000e+00
7.393857479095458984e+00 1.058393432617187528e+02 6.490295489629110648e+01 1.000000000000000000e+00
7.393857479095458984e+00 1.058393432617187528e+02 7.899490849177043117e+01 1.000000000000000000e+00
7.393857479095458984e+00 1.058393432617187528e+02 8.604088528951010062e+01 1.000000000000000000e+00
7.393857479095458984e+00 1.058393432617187528e+02 9.308686208724975586e+01 1.000000000000000000e+00
7.393857479095458984e+00 1.058393432617187528e+02 1.001328388849894253e+02 1.000000000000000000e+00
1.448776022593180812e+01 1.058393432617187528e+02 3.671904770533243578e+01 1.000000000000000000e+00
1.448776022593180812e+01 1.058393432617187528e+02 5.081100130081176758e+01 1.000000000000000000e+00
1.448776022593180812e+01 1.058393432617187528e+02 5.785697809855143703e+01 1.000000000000000000e+00
1.448776022593180812e+01 1.058393432617187528e+02 6.490295489629110648e+01 1.000000000000000000e+00
1.448776022593180812e+01 1.058393432617187528e+02 7.194893169403076172e+01 1.000000000000000000e+00
1.448776022593180812e+01 1.058393432617187528e+02 7.899490849177043117e+01 1.000000000000000000e+00
1.448776022593180812e+01 1.058393432617187528e+02 8.604088528951010062e+01 1.000000000000000000e+00
1.448776022593180812e+01 1.058393432617187528e+02 9.308686208724975586e+01 1.000000000000000000e+00
1.448776022593180812e+01 1.058393432617187528e+02 1.001328388849894253e+02 1.000000000000000000e+00
1.448776022593180812e+01 1.058393432617187528e+02 1.071788156827290948e+02 1.000000000000000000e+00
2.158166297276815726e+01 1.058393432617187528e+02 4.376502450307210523e+01 1.000000000000000000e+00
2.158166297276815726e+01 1.058393432617187528e+02 5.081100130081176758e+01 1.000000000000000000e+00
2.158166297276815726e+01 1.058393432617187528e+02 5.785697809855143703e+01 1.000000000000000000e+00
2.158166297276815726e+01 1.058393432617187528e+02 9.308686208724975586e+01 1.000000000000000000e+00
-4.935736449559529859e+01 1.129267517089843693e+02 5.081100130081176758e+01 1.000000000000000000e+00
-4.935736449559529859e+01 1.129267517089843693e+02 7.899490849177043117e+01 1.000000000000000000e+00
-4.935736449559529859e+01 1.129267517089843693e+02 9.308686208724975586e+01 1.000000000000000000e+00
-4.935736449559529859e+01 1.129267517089843693e+02 1.001328388849894253e+02 1.000000000000000000e+00
-4.226346174875894945e+01 1.129267517089843693e+02 3.671904770533243578e+01 1.000000000000000000e+00
-4.226346174875894945e+01 1.129267517089843693e+02 4.376502450307210523e+01 1.000000000000000000e+00
-4.226346174875894945e+01 1.129267517089843693e+02 5.081100130081176758e+01 1.000000000000000000e+00
-4.226346174875894945e+01 1.129267517089843693e+02 5.785697809855143703e+01 1.000000000000000000e+00
-4.226346174875894945e+01 1.129267517089843693e+02 6.490295489629110648e+01 1.000000000000000000e+00
-4.226346174875894945e+01 1.129267517089843693e+02 7.194893169403076172e+01 1.000000000000000000e+00
-4.226346174875894945e+01 1.129267517089843693e+02 7.899490849177043117e+01 1.000000000000000000e+00
-4.226346174875894945e+01 1.129267517089843693e+02 8.604088528951010062e+01 1.000000000000000000e+00
-4.226346174875894945e+01 1.129267517089843693e+02 9.308686208724975586e+01 1.000000000000000000e+00
-4.226346174875894945e+01 1.129267517089843693e+02 1.001328388849894253e+02 1.000000000000000000e+00
-3.516955900192260742e+01 1.129267517089843693e+02 3.671904770533243578e+01 1.000000000000000000e+00
-3.516955900192260742e+01 1.129267517089843693e+02 4.376502450307210523e+01 1.000000000000000000e+00
-3.516955900192260742e+01 1.129267517089843693e+02 5.081100130081176758e+01 1.000000000000000000e+00
-3.516955900192260742e+01 1.129267517089843693e+02 5.785697809855143703e+01 1.000000000000000000e+00
-3.516955900192260742e+01 1.129267517089843693e+02 6.490295489629110648e+01 1.000000000000000000e+00
-3.516955900192260742e+01 1.129267517089843693e+02 7.899490849177043117e+01 1.000000000000000000e+00
-3.516955900192260742e+01 1.129267517089843693e+02 8.604088528951010062e+01 1.000000000000000000e+00
-3.516955900192260742e+01 1.129267517089843693e+02 9.308686208724975586e+01 1.000000000000000000e+00
-3.516955900192260742e+01 1.129267517089843693e+02 1.001328388849894253e+02 1.000000000000000000e+00
-3.516955900192260742e+01 1.129267517089843693e+02 1.071788156827290948e+02 1.000000000000000000e+00
-2.807565625508626184e+01 1.129267517089843693e+02 4.376502450307210523e+01 1.000000000000000000e+00
-2.807565625508626184e+01 1.129267517089843693e+02 5.081100130081176758e+01 1.000000000000000000e+00
-2.807565625508626184e+01 1.129267517089843693e+02 5.785697809855143703e+01 1.000000000000000000e+00
-2.807565625508626184e+01 1.129267517089843693e+02 6.490295489629110648e+01 1.000000000000000000e+00
-2.807565625508626184e+01 1.129267517089843693e+02 7.194893169403076172e+01 1.000000000000000000e+00
-2.807565625508626184e+01 1.129267517089843693e+02 7.899490849177043117e+01 1.000000000000000000e+00
-2.807565625508626184e+01 1.129267517089843693e+02 8.604088528951010062e+01 1.000000000000000000e+00
-2.807565625508626184e+01 1.129267517089843693e+02 9.308686208724975586e+01 1.000000000000000000e+00
-2.807565625508626184e+01 1.129267517089843693e+02 1.001328388849894253e+02 1.000000000000000000e+00
-2.098175350824991625e+01 1.129267517089843693e+02 3.671904770533243578e+01 1.000000000000000000e+00
-2.098175350824991625e+01 1.129267517089843693e+02 5.081100130081176758e+01 1.000000000000000000e+00
-2.098175350824991625e+01 1.129267517089843693e+02 5.785697809855143703e+01 1.000000000000000000e+00
-2.098175350824991625e+01 1.129267517089843693e+02 6.490295489629110648e+01 1.000000000000000000e+00
-2.098175350824991625e+01 1.129267517089843693e+02 7.194893169403076172e+01 1.000000000000000000e+00
-2.098175350824991625e+01 1.129267517089843693e+02 7.899490849177043117e+01 1.000000000000000000e+00
-2.098175350824991625e+01 1.129267517089843693e+02 8.604088528951010062e+01 1.000000000000000000e+00
-2.098175350824991625e+01 1.129267517089843693e+02 9.308686208724975586e+01 1.000000000000000000e+00
-1.388785076141357422e+01 1.129267517089843693e+02 4.376502450307210523e+01 1.000000000000000000e+00
-1.388785076141357422e+01 1.129267517089843693e+02 5.785697809855143703e+01 1.000000000000000000e+00
-1.388785076141357422e+01 1.129267517089843693e+02 7.194893169403076172e+01 1.000000000000000000e+00
-1.388785076141357422e+01 1.129267517089843693e+02 7.899490849177043117e+01 1.000000000000000000e+00
-1.388785076141357422e+01 1.129267517089843693e+02 8.604088528951010062e+01 1.000000000000000000e+00
-1.388785076141357422e+01 1.129267517089843693e+02 9.308686208724975586e+01 1.000000000000000000e+00
-6.793948014577225081e+00 1.129267517089843693e+02 4.376502450307210523e+01 1.000000000000000000e+00
-6.793948014577225081e+00 1.129267517089843693e+02 5.081100130081176758e+01 1.000000000000000000e+00
-6.793948014577225081e+00 1.129267517089843693e+02 5.785697809855143703e+01 1.000000000000000000e+00
-6.793948014577225081e+00 1.129267517089843693e+02 6.490295489629110648e+01 1.000000000000000000e+00
-6.793948014577225081e+00 1.129267517089843693e+02 7.194893169403076172e+01 1.000000000000000000e+00
-6.793948014577225081e+00 1.129267517089843693e+02 7.899490849177043117e+01 1.000000000000000000e+00
-6.793948014577225081e+00 1.129267517089843693e+02 8.604088528951010062e+01 1.000000000000000000e+00
-6.793948014577225081e+00 1.129267517089843693e+02 9.308686208724975586e+01 1.000000000000000000e+00
-6.793948014577225081e+00 1.129267517089843693e+02 1.001328388849894253e+02 1.000000000000000000e+00
-6.793948014577225081e+00 1.129267517089843693e+02 1.071788156827290948e+02 1.000000000000000000e+00
2.999547322591169518e-01 1.129267517089843693e+02 4.376502450307210523e+01 1.000000000000000000e+00
2.999547322591169518e-01 1.129267517089843693e+02 5.081100130081176758e+01 1.000000000000000000e+00
2.999547322591169518e-01 1.129267517089843693e+02 5.785697809855143703e+01 1.000000000000000000e+00
2.999547322591169518e-01 1.129267517089843693e+02 6.490295489629110648e+01 1.000000000000000000e+00
2.999547322591169518e-01 1.129267517089843693e+02 7.194893169403076172e+01 1.000000000000000000e+00
2.999547322591169518e-01 1.129267517089843693e+02 7.899490849177043117e+01 1.000000000000000000e+00
2.999547322591169518e-01 1.129267517089843693e+02 8.604088528951010062e+01 1.000000000000000000e+00
2.999547322591169518e-01 1.129267517089843693e+02 9.308686208724975586e+01 1.000000000000000000e+00
2.999547322591169518e-01 1.129267517089843693e+02 1.001328388849894253e+02 1.000000000000000000e+00
2.999547322591169518e-01 1.129267517089843693e+02 1.071788156827290948e+02 1.000000000000000000e+00
7.393857479095458984e+00 1.129267517089843693e+02 3.671904770533243578e+01 1.000000000000000000e+00
7.393857479095458984e+00 1.129267517089843693e+02 4.376502450307210523e+01 1.000000000000000000e+00
7.393857479095458984e+00 1.129267517089843693e+02 5.081100130081176758e+01 1.000000000000000000e+00
7.393857479095458984e+00 1.129267517089843693e+02 5.785697809855143703e+01 1.000000000000000000e+00
7.393857479095458984e+00 1.129267517089843693e+02 6.490295489629110648e+01 1.000000000000000000e+00
7.393857479095458984e+00 1.129267517089843693e+02 7.194893169403076172e+01 1.000000000000000000e+00
7.393857479095458984e+00 1.129267517089843693e+02 7.899490849177043117e+01 1.000000000000000000e+00
7.393857479095458984e+00 1.129267517089843693e+02 8.604088528951010062e+01 1.000000000000000000e+00
7.393857479095458984e+00 1.129267517089843693e+02 9.308686208724975586e+01 1.000000000000000000e+00
7.393857479095458984e+00 1.129267517089843693e+02 1.001328388849894253e+02 1.000000000000000000e+00
7.393857479095458984e+00 1.129267517089843693e+02 1.071788156827290948e+02 1.000000000000000000e+00
1.448776022593180812e+01 1.129267517089843693e+02 3.671904770533243578e+01 1.000000000000000000e+00
1.448776022593180812e+01 1.129267517089843693e+02 4.376502450307210523e+01 1.000000000000000000e+00
1.448776022593180812e+01 1.129267517089843693e+02 5.081100130081176758e+01 1.000000000000000000e+00
1.448776022593180812e+01 1.129267517089843693e+02 5.785697809855143703e+01 1.000000000000000000e+00
1.448776022593180812e+01 1.129267517089843693e+02 6.490295489629110648e+01 1.000000000000000000e+00
1.448776022593180812e+01 1.129267517089843693e+02 7.194893169403076172e+01 1.000000000000000000e+00
1.448776022593180812e+01 1.129267517089843693e+02 8.604088528951010062e+01 1.000000000000000000e+00
1.448776022593180812e+01 1.129267517089843693e+02 9.308686208724975586e+01 1.000000000000000000e+00
1.448776022593180812e+01 1.129267517089843693e+02 1.001328388849894253e+02 1.000000000000000000e+00
1.448776022593180812e+01 1.129267517089843693e+02 1.071788156827290948e+02 1.000000000000000000e+00
2.158166297276815726e+01 1.129267517089843693e+02 4.376502450307210523e+01 1.000000000000000000e+00
2.158166297276815726e+01 1.129267517089843693e+02 5.081100130081176758e+01 1.000000000000000000e+00
2.158166297276815726e+01 1.129267517089843693e+02 8.604088528951010062e+01 1.000000000000000000e+00
2.158166297276815726e+01 1.129267517089843693e+02 9.308686208724975586e+01 1.000000000000000000e+00
-4.935736449559529859e+01 1.200141601562500000e+02 3.671904770533243578e+01 1.000000000000000000e+00
-4.935736449559529859e+01 1.200141601562500000e+02 5.081100130081176758e+01 1.000000000000000000e+00
-4.935736449559529859e+01 1.200141601562500000e+02 7.899490849177043117e+01 1.000000000000000000e+00
-4.935736449559529859e+01 1.200141601562500000e+02 8.604088528951010062e+01 1.000000000000000000e+00
-4.935736449559529859e+01 1.200141601562500000e+02 9.308686208724975586e+01 1.000000000000000000e+00
-4.226346174875894945e+01 1.200141601562500000e+02 3.671904770533243578e+01 1.000000000000000000e+00
-4.226346174875894945e+01 1.200141601562500000e+02 4.376502450307210523e+01 1.000000000000000000e+00
-4.226346174875894945e+01 1.200141601562500000e+02 5.081100130081176758e+01 1.000000000000000000e+00
-4.226346174875894945e+01 1.200141601562500000e+02 5.785697809855143703e+01 1.000000000000000000e+00
-4.226346174875894945e+01 1.200141601562500000e+02 7.899490849177043117e+01 1.000000000000000000e+00
-4.226346174875894945e+01 1.200141601562500000e+02 8.604088528951010062e+01 1.000000000000000000e+00
-4.226346174875894945e+01 1.200141601562500000e+02 9.308686208724975586e+01 1.000000000000000000e+00
-4.226346174875894945e+01 1.200141601562500000e+02 1.001328388849894253e+02 1.000000000000000000e+00
-3.516955900192260742e+01 1.200141601562500000e+02 3.671904770533243578e+01 1.000000000000000000e+00
-3.516955900192260742e+01 1.200141601562500000e+02 4.376502450307210523e+01 1.000000000000000000e+00
-3.516955900192260742e+01 1.200141601562500000e+02 5.081100130081176758e+01 1.000000000000000000e+00
-3.516955900192260742e+01 1.200141601562500000e+02 5.785697809855143703e+01 1.000000000000000000e+00
-3.516955900192260742e+01 1.200141601562500000e+02 6.490295489629110648e+01 1.000000000000000000e+00
-3.516955900192260742e+01 1.200141601562500000e+02 7.194893169403076172e+01 1.000000000000000000e+00
-3.516955900192260742e+01 1.200141601562500000e+02 7.899490849177043117e+01 1.000000000000000000e+00
-3.516955900192260742e+01 1.200141601562500000e+02 8.604088528951010062e+01 1.000000000000000000e+00
-3.516955900192260742e+01 1.200141601562500000e+02 9.308686208724975586e+01 1.000000000000000000e+00
-3.516955900192260742e+01 1.200141601562500000e+02 1.001328388849894253e+02 1.000000000000000000e+00
-3.516955900192260742e+01 1.200141601562500000e+02 1.071788156827290948e+02 1.000000000000000000e+00
-2.807565625508626184e+01 1.200141601562500000e+02 3.671904770533243578e+01 1.000000000000000000e+00
-2.807565625508626184e+01 1.200141601562500000e+02 4.376502450307210523e+01 1.000000000000000000e+00
-2.807565625508626184e+01 1.200141601562500000e+02 5.081100130081176758e+01 1.000000000000000000e+00
-2.807565625508626184e+01 1.200141601562500000e+02 5.785697809855143703e+01 1.000000000000000000e+00
-2.807565625508626184e+01 1.200141601562500000e+02 6.490295489629110648e+01 1.000000000000000000e+00
-2.807565625508626184e+01 1.200141601562500000e+02 7.194893169403076172e+01 1.000000000000000000e+00
-2.807565625508626184e+01 1.200141601562500000e+02 7.899490849177043117e+01 1.000000000000000000e+00
-2.807565625508626184e+01 1.200141601562500000e+02 8.604088528951010062e+01 1.000000000000000000e+00
-2.807565625508626184e+01 1.200141601562500000e+02 9.308686208724975586e+01 1.000000000000000000e+00
-2.807565625508626184e+01 1.200141601562500000e+02 1.001328388849894253e+02 1.000000000000000000e+00
-2.807565625508626184e+01 1.200141601562500000e+02 1.071788156827290948e+02 1.000000000000000000e+00
-2.098175350824991625e+01 1.200141601562500000e+02 3.671904770533243578e+01 1.000000000000000000e+00
-2.098175350824991625e+01 1.200141601562500000e+02 4.376502450307210523e+01 1.000000000000000000e+00
-2.098175350824991625e+01 1.200141601562500000e+02 5.081100130081176758e+01 1.000000000000000000e+00
-2.098175350824991625e+01 1.200141601562500000e+02 5.785697809855143703e+01 1.000000000000000000e+00
-2.098175350824991625e+01 1.200141601562500000e+02 6.490295489629110648e+01 1.000000000000000000e+00
-2.098175350824991625e+01 1.200141601562500000e+02 7.194893169403076172e+01 1.000000000000000000e+00
-2.098175350824991625e+01 1.200141601562500000e+02 7.899490849177043117e+01 1.000000000000000000e+00
-2.098175350824991625e+01 1.200141601562500000e+02 8.604088528951010062e+01 1.000000000000000000e+00
-2.098175350824991625e+01 1.200141601562500000e+02 9.308686208724975586e+01 1.000000000000000000e+00
-1.388785076141357422e+01 1.200141601562500000e+02 5.081100130081176758e+01 1.000000000000000000e+00
-1.388785076141357422e+01 1.200141601562500000e+02 5.785697809855143703e+01 1.000000000000000000e+00
-1.388785076141357422e+01 1.200141601562500000e+02 6.490295489629110648e+01 1.000000000000000000e+00
-1.388785076141357422e+01 1.200141601562500000e+02 7.899490849177043117e+01 1.000000000000000000e+00
-1.388785076141357422e+01 1.200141601562500000e+02 8.604088528951010062e+01 1.000000000000000000e+00
-1.388785076141357422e+01 1.200141601562500000e+02 9.308686208724975586e+01 1.000000000000000000e+00
-1.388785076141357422e+01 1.200141601562500000e+02 1.071788156827290948e+02 1.000000000000000000e+00
-6.793948014577225081e+00 1.200141601562500000e+02 5.081100130081176758e+01 1.000000000000000000e+00
-6.793948014577225081e+00 1.200141601562500000e+02 5.785697809855143703e+01 1.000000000000000000e+00
-6.793948014577225081e+00 1.200141601562500000e+02 6.490295489629110648e+01 1.000000000000000000e+00
-6.793948014577225081e+00 1.200141601562500000e+02 7.194893169403076172e+01 1.000000000000000000e+00
-6.793948014577225081e+00 1.200141601562500000e+02 7.899490849177043117e+01 1.000000000000000000e+00
-6.793948014577225081e+00 1.200141601562500000e+02 8.604088528951010062e+01 1.000000000000000000e+00
-6.793948014577225081e+00 1.200141601562500000e+02 9.308686208724975586e+01 1.000000000000000000e+00
-6.793948014577225081e+00 1.200141601562500000e+02 1.001328388849894253e+02 1.000000000000000000e+00
-6.793948014577225081e+00 1.200141601562500000e+02 1.071788156827290948e+02 1.000000000000000000e+00
2.999547322591169518e-01 1.200141601562500000e+02 3.671904770533243578e+01 1.000000000000000000e+00
2.999547322591169518e-01 1.200141601562500000e+02 4.376502450307210523e+01 1.000000000000000000e+00
2.999547322591169518e-01 1.200141601562500000e+02 5.081100130081176758e+01 1.000000000000000000e+00
2.999547322591169518e-01 1.200141601562500000e+02 5.785697809855143703e+01 1.000000000000000000e+00
2.999547322591169518e-01 1.200141601562500000e+02 6.490295489629110648e+01 1.000000000000000000e+00
2.999547322591169518e-01 1.200141601562500000e+02 7.194893169403076172e+01 1.000000000000000000e+00
2.999547322591169518e-01 1.200141601562500000e+02 7.899490849177043117e+01 1.000000000000000000e+00
2.999547322591169518e-01 1.200141601562500000e+02 8.604088528951010062e+01 1.000000000000000000e+00
2.999547322591169518e-01 1.200141601562500000e+02 9.308686208724975586e+01 1.000000000000000000e+00
2.999547322591169518e-01 1.200141601562500000e+02 1.001328388849894253e+02 1.000000000000000000e+00
2.999547322591169518e-01 1.200141601562500000e+02 1.071788156827290948e+02 1.000000000000000000e+00
7.393857479095458984e+00 1.200141601562500000e+02 3.671904770533243578e+01 1.000000000000000000e+00
7.393857479095458984e+00 1.200141601562500000e+02 4.376502450307210523e+01 1.000000000000000000e+00
7.393857479095458984e+00 1.200141601562500000e+02 5.081100130081176758e+01 1.000000000000000000e+00
7.393857479095458984e+00 1.200141601562500000e+02 5.785697809855143703e+01 1.000000000000000000e+00
7.393857479095458984e+00 1.200141601562500000e+02 6.490295489629110648e+01 1.000000000000000000e+00
7.393857479095458984e+00 1.200141601562500000e+02 7.194893169403076172e+01 1.000000000000000000e+00
7.393857479095458984e+00 1.200141601562500000e+02 7.899490849177043117e+01 1.000000000000000000e+00
7.393857479095458984e+00 1.200141601562500000e+02 8.604088528951010062e+01 1.000000000000000000e+00
7.393857479095458984e+00 1.200141601562500000e+02 9.308686208724975586e+01 1.000000000000000000e+00
7.393857479095458984e+00 1.200141601562500000e+02 1.001328388849894253e+02 1.000000000000000000e+00
7.393857479095458984e+00 1.200141601562500000e+02 1.071788156827290948e+02 1.000000000000000000e+00
1.448776022593180812e+01 1.200141601562500000e+02 4.376502450307210523e+01 1.000000000000000000e+00
1.448776022593180812e+01 1.200141601562500000e+02 5.081100130081176758e+01 1.000000000000000000e+00
1.448776022593180812e+01 1.200141601562500000e+02 5.785697809855143703e+01 1.000000000000000000e+00
1.448776022593180812e+01 1.200141601562500000e+02 6.490295489629110648e+01 1.000000000000000000e+00
1.448776022593180812e+01 1.200141601562500000e+02 8.604088528951010062e+01 1.000000000000000000e+00
1.448776022593180812e+01 1.200141601562500000e+02 9.308686208724975586e+01 1.000000000000000000e+00
1.448776022593180812e+01 1.200141601562500000e+02 1.001328388849894253e+02 1.000000000000000000e+00
1.448776022593180812e+01 1.200141601562500000e+02 1.071788156827290948e+02 1.000000000000000000e+00
2.158166297276815726e+01 1.200141601562500000e+02 3.671904770533243578e+01 1.000000000000000000e+00
2.158166297276815726e+01 1.200141601562500000e+02 4.376502450307210523e+01 1.000000000000000000e+00
2.158166297276815726e+01 1.200141601562500000e+02 5.081100130081176758e+01 1.000000000000000000e+00
2.158166297276815726e+01 1.200141601562500000e+02 5.785697809855143703e+01 1.000000000000000000e+00
2.158166297276815726e+01 1.200141601562500000e+02 6.490295489629110648e+01 1.000000000000000000e+00
2.158166297276815726e+01 1.200141601562500000e+02 7.194893169403076172e+01 1.000000000000000000e+00
2.158166297276815726e+01 1.200141601562500000e+02 7.899490849177043117e+01 1.000000000000000000e+00
2.158166297276815726e+01 1.200141601562500000e+02 8.604088528951010062e+01 1.000000000000000000e+00
2.158166297276815726e+01 1.200141601562500000e+02 9.308686208724975586e+01 1.000000000000000000e+00
2.158166297276815726e+01 1.200141601562500000e+02 1.001328388849894253e+02 1.000000000000000000e+00
-4.935736449559529859e+01 1.271015686035156307e+02 4.376502450307210523e+01 1.000000000000000000e+00
-4.935736449559529859e+01 1.271015686035156307e+02 5.081100130081176758e+01 1.000000000000000000e+00
-4.935736449559529859e+01 1.271015686035156307e+02 6.490295489629110648e+01 1.000000000000000000e+00
-4.935736449559529859e+01 1.271015686035156307e+02 7.194893169403076172e+01 1.000000000000000000e+00
-4.935736449559529859e+01 1.271015686035156307e+02 8.604088528951010062e+01 1.000000000000000000e+00
-4.226346174875894945e+01 1.271015686035156307e+02 4.376502450307210523e+01 1.000000000000000000e+00
-4.226346174875894945e+01 1.271015686035156307e+02 5.081100130081176758e+01 1.000000000000000000e+00
-4.226346174875894945e+01 1.271015686035156307e+02 5.785697809855143703e+01 1.000000000000000000e+00
-4.226346174875894945e+01 1.271015686035156307e+02 7.899490849177043117e+01 1.000000000000000000e+00
-4.226346174875894945e+01 1.271015686035156307e+02 8.604088528951010062e+01 1.000000000000000000e+00
-4.226346174875894945e+01 1.271015686035156307e+02 9.308686208724975586e+01 1.000000000000000000e+00
-4.226346174875894945e+01 1.271015686035156307e+02 1.001328388849894253e+02 1.000000000000000000e+00
-3.516955900192260742e+01 1.271015686035156307e+02 3.671904770533243578e+01 1.000000000000000000e+00
-3.516955900192260742e+01 1.271015686035156307e+02 4.376502450307210523e+01 1.000000000000000000e+00
-3.516955900192260742e+01 1.271015686035156307e+02 5.081100130081176758e+01 1.000000000000000000e+00
-3.516955900192260742e+01 1.271015686035156307e+02 5.785697809855143703e+01 1.000000000000000000e+00
-3.516955900192260742e+01 1.271015686035156307e+02 6.490295489629110648e+01 1.000000000000000000e+00
-3.516955900192260742e+01 1.271015686035156307e+02 7.194893169403076172e+01 1.000000000000000000e+00
-3.516955900192260742e+01 1.271015686035156307e+02 7.899490849177043117e+01 1.000000000000000000e+00
-3.516955900192260742e+01 1.271015686035156307e+02 8.604088528951010062e+01 1.000000000000000000e+00
-3.516955900192260742e+01 1.271015686035156307e+02 9.308686208724975586e+01 1.000000000000000000e+00
-3.516955900192260742e+01 1.271015686035156307e+02 1.001328388849894253e+02 1.000000000000000000e+00
-3.516955900192260742e+01 1.271015686035156307e+02 1.071788156827290948e+02 1.000000000000000000e+00
-2.807565625508626184e+01 1.271015686035156307e+02 4.376502450307210523e+01 1.000000000000000000e+00
-2.807565625508626184e+01 1.271015686035156307e+02 5.081100130081176758e+01 1.000000000000000000e+00
-2.807565625508626184e+01 1.271015686035156307e+02 5.785697809855143703e+01 1.000000000000000000e+00
-2.807565625508626184e+01 1.271015686035156307e+02 6.490295489629110648e+01 1.000000000000000000e+00
-2.807565625508626184e+01 1.271015686035156307e+02 7.194893169403076172e+01 1.000000000000000000e+00
-2.807565625508626184e+01 1.271015686035156307e+02 7.899490849177043117e+01 1.000000000000000000e+00
-2.807565625508626184e+01 1.271015686035156307e+02 8.604088528951010062e+01 1.000000000000000000e+00
-2.807565625508626184e+01 1.271015686035156307e+02 9.308686208724975586e+01 1.000000000000000000e+00
-2.807565625508626184e+01 1.271015686035156307e+02 1.001328388849894253e+02 1.000000000000000000e+00
-2.098175350824991625e+01 1.271015686035156307e+02 3.671904770533243578e+01 1.000000000000000000e+00
-2.098175350824991625e+01 1.271015686035156307e+02 4.376502450307210523e+01 1.000000000000000000e+00
-2.098175350824991625e+01 1.271015686035156307e+02 5.081100130081176758e+01 1.000000000000000000e+00
-2.098175350824991625e+01 1.271015686035156307e+02 5.785697809855143703e+01 1.000000000000000000e+00
-2.098175350824991625e+01 1.271015686035156307e+02 6.490295489629110648e+01 1.000000000000000000e+00
-2.098175350824991625e+01 1.271015686035156307e+02 7.194893169403076172e+01 1.000000000000000000e+00
-2.098175350824991625e+01 1.271015686035156307e+02 7.899490849177043117e+01 1.000000000000000000e+00
-2.098175350824991625e+01 1.271015686035156307e+02 8.604088528951010062e+01 1.000000000000000000e+00
-2.098175350824991625e+01 1.271015686035156307e+02 9.308686208724975586e+01 1.000000000000000000e+00
-2.098175350824991625e+01 1.271015686035156307e+02 1.001328388849894253e+02 1.000000000000000000e+00
-2.098175350824991625e+01 1.271015686035156307e+02 1.071788156827290948e+02 1.000000000000000000e+00
-1.388785076141357422e+01 1.271015686035156307e+02 3.671904770533243578e+01 1.000000000000000000e+00
-1.388785076141357422e+01 1.271015686035156307e+02 5.081100130081176758e+01 1.000000000000000000e+00
-1.388785076141357422e+01 1.271015686035156307e+02 5.785697809855143703e+01 1.000000000000000000e+00
-1.388785076141357422e+01 1.271015686035156307e+02 6.490295489629110648e+01 1.000000000000000000e+00
-1.388785076141357422e+01 1.271015686035156307e+02 7.194893169403076172e+01 1.000000000000000000e+00
-1.388785076141357422e+01 1.271015686035156307e+02 7.899490849177043117e+01 1.000000000000000000e+00
-1.388785076141357422e+01 1.271015686035156307e+02 8.604088528951010062e+01 1.000000000000000000e+00
-1.388785076141357422e+01 1.271015686035156307e+02 9.308686208724975586e+01 1.000000000000000000e+00
-1.388785076141357422e+01 1.271015686035156307e+02 1.001328388849894253e+02 1.000000000000000000e+00
-1.388785076141357422e+01 1.271015686035156307e+02 1.071788156827290948e+02 1.000000000000000000e+00
-6.793948014577225081e+00 1.271015686035156307e+02 5.081100130081176758e+01 1.000000000000000000e+00
-6.793948014577225081e+00 1.271015686035156307e+02 5.785697809855143703e+01 1.000000000000000000e+00
-6.793948014577225081e+00 1.271015686035156307e+02 6.490295489629110648e+01 1.000000000000000000e+00
-6.793948014577225081e+00 1.271015686035156307e+02 7.194893169403076172e+01 1.000000000000000000e+00
-6.793948014577225081e+00 1.271015686035156307e+02 7.899490849177043117e+01 1.000000000000000000e+00
-6.793948014577225081e+00 1.271015686035156307e+02 8.604088528951010062e+01 1.000000000000000000e+00
-6.793948014577225081e+00 1.271015686035156307e+02 9.308686208724975586e+01 1.000000000000000000e+00
-6.793948014577225081e+00 1.271015686035156307e+02 1.001328388849894253e+02 1.000000000000000000e+00
2.999547322591169518e-01 1.271015686035156307e+02 3.671904770533243578e+01 1.000000000000000000e+00
2.999547322591169518e-01 1.271015686035156307e+02 4.376502450307210523e+01 1.000000000000000000e+00
2.999547322591169518e-01 1.271015686035156307e+02 5.081100130081176758e+01 1.000000000000000000e+00
2.999547322591169518e-01 1.271015686035156307e+02 5.785697809855143703e+01 1.000000000000000000e+00
2.999547322591169518e-01 1.271015686035156307e+02 6.490295489629110648e+01 1.000000000000000000e+00
2.999547322591169518e-01 1.271015686035156307e+02 7.194893169403076172e+01 1.000000000000000000e+00
2.999547322591169518e-01 1.271015686035156307e+02 7.899490849177043117e+01 1.000000000000000000e+00
2.999547322591169518e-01 1.271015686035156307e+02 8.604088528951010062e+01 1.000000000000000000e+00
2.999547322591169518e-01 1.271015686035156307e+02 9.308686208724975586e+01 1.000000000000000000e+00
2.999547322591169518e-01 1.271015686035156307e+02 1.001328388849894253e+02 1.000000000000000000e+00
2.999547322591169518e-01 1.271015686035156307e+02 1.071788156827290948e+02 1.000000000000000000e+00
7.393857479095458984e+00 1.271015686035156307e+02 3.671904770533243578e+01 1.000000000000000000e+00
7.393857479095458984e+00 1.271015686035156307e+02 4.376502450307210523e+01 1.000000000000000000e+00
7.393857479095458984e+00 1.271015686035156307e+02 5.081100130081176758e+01 1.000000000000000000e+00
7.393857479095458984e+00 1.271015686035156307e+02 5.785697809855143703e+01 1.000000000000000000e+00
7.393857479095458984e+00 1.271015686035156307e+02 6.490295489629110648e+01 1.000000000000000000e+00
7.393857479095458984e+00 1.271015686035156307e+02 7.194893169403076172e+01 1.000000000000000000e+00
7.393857479095458984e+00 1.271015686035156307e+02 7.899490849177043117e+01 1.000000000000000000e+00
7.393857479095458984e+00 1.271015686035156307e+02 8.604088528951010062e+01 1.000000000000000000e+00
7.393857479095458984e+00 1.271015686035156307e+02 9.308686208724975586e+01 1.000000000000000000e+00
7.393857479095458984e+00 1.271015686035156307e+02 1.001328388849894253e+02 1.000000000000000000e+00
1.448776022593180812e+01 1.271015686035156307e+02 3.671904770533243578e+01 1.000000000000000000e+00
1.448776022593180812e+01 1.271015686035156307e+02 4.376502450307210523e+01 1.000000000000000000e+00
1.448776022593180812e+01 1.271015686035156307e+02 5.081100130081176758e+01 1.000000000000000000e+00
1.448776022593180812e+01 1.271015686035156307e+02 5.785697809855143703e+01 1.000000000000000000e+00
1.448776022593180812e+01 1.271015686035156307e+02 6.490295489629110648e+01 1.000000000000000000e+00
1.448776022593180812e+01 1.271015686035156307e+02 7.194893169403076172e+01 1.000000000000000000e+00
1.448776022593180812e+01 1.271015686035156307e+02 7.899490849177043117e+01 1.000000000000000000e+00
1.448776022593180812e+01 1.271015686035156307e+02 8.604088528951010062e+01 1.000000000000000000e+00
1.448776022593180812e+01 1.271015686035156307e+02 9.308686208724975586e+01 1.000000000000000000e+00
1.448776022593180812e+01 1.271015686035156307e+02 1.001328388849894253e+02 1.000000000000000000e+00
2.158166297276815726e+01 1.271015686035156307e+02 4.376502450307210523e+01 1.000000000000000000e+00
2.158166297276815726e+01 1.271015686035156307e+02 5.081100130081176758e+01 1.000000000000000000e+00
2.158166297276815726e+01 1.271015686035156307e+02 5.785697809855143703e+01 1.000000000000000000e+00
2.158166297276815726e+01 1.271015686035156307e+02 7.899490849177043117e+01 1.000000000000000000e+00
2.158166297276815726e+01 1.271015686035156307e+02 8.604088528951010062e+01 1.000000000000000000e+00
2.158166297276815726e+01 1.271015686035156307e+02 9.308686208724975586e+01 1.000000000000000000e+00
-4.935736449559529859e+01 1.341889770507812614e+02 5.785697809855143703e+01 1.000000000000000000e+00
-4.935736449559529859e+01 1.341889770507812614e+02 6.490295489629110648e+01 1.000000000000000000e+00
-4.935736449559529859e+01 1.341889770507812614e+02 7.194893169403076172e+01 1.000000000000000000e+00
-4.935736449559529859e+01 1.341889770507812614e+02 7.899490849177043117e+01 1.000000000000000000e+00
-4.935736449559529859e+01 1.341889770507812614e+02 8.604088528951010062e+01 1.000000000000000000e+00
-4.935736449559529859e+01 1.341889770507812614e+02 9.308686208724975586e+01 1.000000000000000000e+00
-4.226346174875894945e+01 1.341889770507812614e+02 5.081100130081176758e+01 1.000000000000000000e+00
-4.226346174875894945e+01 1.341889770507812614e+02 5.785697809855143703e+01 1.000000000000000000e+00
-4.226346174875894945e+01 1.341889770507812614e+02 6.490295489629110648e+01 1.000000000000000000e+00
-4.226346174875894945e+01 1.341889770507812614e+02 7.194893169403076172e+01 1.000000000000000000e+00
-4.226346174875894945e+01 1.341889770507812614e+02 7.899490849177043117e+01 1.000000000000000000e+00
-4.226346174875894945e+01 1.341889770507812614e+02 8.604088528951010062e+01 1.000000000000000000e+00
-4.226346174875894945e+01 1.341889770507812614e+02 9.308686208724975586e+01 1.000000000000000000e+00
-4.226346174875894945e+01 1.341889770507812614e+02 1.001328388849894253e+02 1.000000000000000000e+00
-3.516955900192260742e+01 1.341889770507812614e+02 3.671904770533243578e+01 1.000000000000000000e+00
-3.516955900192260742e+01 1.341889770507812614e+02 4.376502450307210523e+01 1.000000000000000000e+00
-3.516955900192260742e+01 1.341889770507812614e+02 5.081100130081176758e+01 1.000000000000000000e+00
-3.516955900192260742e+01 1.341889770507812614e+02 5.785697809855143703e+01 1.000000000000000000e+00
-3.516955900192260742e+01 1.341889770507812614e+02 6.490295489629110648e+01 1.000000000000000000e+00
-3.516955900192260742e+01 1.341889770507812614e+02 7.194893169403076172e+01 1.000000000000000000e+00
-3.516955900192260742e+01 1.341889770507812614e+02 7.899490849177043117e+01 1.000000000000000000e+00
-3.516955900192260742e+01 1.341889770507812614e+02 8.604088528951010062e+01 1.000000000000000000e+00
-3.516955900192260742e+01 1.341889770507812614e+02 9.308686208724975586e+01 1.000000000000000000e+00
-2.807565625508626184e+01 1.341889770507812614e+02 4.376502450307210523e+01 1.000000000000000000e+00
-2.807565625508626184e+01 1.341889770507812614e+02 5.081100130081176758e+01 1.000000000000000000e+00
-2.807565625508626184e+01 1.341889770507812614e+02 5.785697809855143703e+01 1.000000000000000000e+00
-2.807565625508626184e+01 1.341889770507812614e+02 6.490295489629110648e+01 1.000000000000000000e+00
-2.807565625508626184e+01 1.341889770507812614e+02 7.194893169403076172e+01 1.000000000000000000e+00
-2.807565625508626184e+01 1.341889770507812614e+02 7.899490849177043117e+01 1.000000000000000000e+00
-2.807565625508626184e+01 1.341889770507812614e+02 8.604088528951010062e+01 1.000000000000000000e+00
-2.807565625508626184e+01 1.341889770507812614e+02 9.308686208724975586e+01 1.000000000000000000e+00
-2.807565625508626184e+01 1.341889770507812614e+02 1.001328388849894253e+02 1.000000000000000000e+00
-2.098175350824991625e+01 1.341889770507812614e+02 3.671904770533243578e+01 1.000000000000000000e+00
-2.098175350824991625e+01 1.341889770507812614e+02 4.376502450307210523e+01 1.000000000000000000e+00
-2.098175350824991625e+01 1.341889770507812614e+02 5.081100130081176758e+01 1.000000000000000000e+00
-2.098175350824991625e+01 1.341889770507812614e+02 5.785697809855143703e+01 1.000000000000000000e+00
-2.098175350824991625e+01 1.341889770507812614e+02 6.490295489629110648e+01 1.000000000000000000e+00
-2.098175350824991625e+01 1.341889770507812614e+02 7.194893169403076172e+01 1.000000000000000000e+00
-2.098175350824991625e+01 1.341889770507812614e+02 7.899490849177043117e+01 1.000000000000000000e+00
-2.098175350824991625e+01 1.341889770507812614e+02 8.604088528951010062e+01 1.000000000000000000e+00
-2.098175350824991625e+01 1.341889770507812614e+02 9.308686208724975586e+01 1.000000000000000000e+00
-2.098175350824991625e+01 1.341889770507812614e+02 1.001328388849894253e+02 1.000000000000000000e+00
-2.098175350824991625e+01 1.341889770507812614e+02 1.071788156827290948e+02 1.000000000000000000e+00
-1.388785076141357422e+01 1.341889770507812614e+02 4.376502450307210523e+01 1.000000000000000000e+00
-1.388785076141357422e+01 1.341889770507812614e+02 5.081100130081176758e+01 1.000000000000000000e+00
-1.388785076141357422e+01 1.341889770507812614e+02 5.785697809855143703e+01 1.000000000000000000e+00
-1.388785076141357422e+01 1.341889770507812614e+02 6.490295489629110648e+01 1.000000000000000000e+00
-1.388785076141357422e+01 1.341889770507812614e+02 7.899490849177043117e+01 1.000000000000000000e+00
-1.388785076141357422e+01 1.341889770507812614e+02 8.604088528951010062e+01 1.000000000000000000e+00
-1.388785076141357422e+01 1.341889770507812614e+02 9.308686208724975586e+01 1.000000000000000000e+00
-1.388785076141357422e+01 1.341889770507812614e+02 1.001328388849894253e+02 1.000000000000000000e+00
-1.388785076141357422e+01 1.341889770507812614e+02 1.071788156827290948e+02 1.000000000000000000e+00
-6.793948014577225081e+00 1.341889770507812614e+02 3.671904770533243578e+01 1.000000000000000000e+00
-6.793948014577225081e+00 1.341889770507812614e+02 4.376502450307210523e+01 1.000000000000000000e+00
-6.793948014577225081e+00 1.341889770507812614e+02 5.081100130081176758e+01 1.000000000000000000e+00
-6.793948014577225081e+00 1.341889770507812614e+02 5.785697809855143703e+01 1.000000000000000000e+00
-6.793948014577225081e+00 1.341889770507812614e+02 6.490295489629110648e+01 1.000000000000000000e+00
-6.793948014577225081e+00 1.341889770507812614e+02 7.194893169403076172e+01 1.000000000000000000e+00
-6.793948014577225081e+00 1.341889770507812614e+02 7.899490849177043117e+01 1.000000000000000000e+00
-6.793948014577225081e+00 1.341889770507812614e+02 8.604088528951010062e+01 1.000000000000000000e+00
-6.793948014577225081e+00 1.341889770507812614e+02 9.308686208724975586e+01 1.000000000000000000e+00
-6.793948014577225081e+00 1.341889770507812614e+02 1.001328388849894253e+02 1.000000000000000000e+00
2.999547322591169518e-01 1.341889770507812614e+02 4.376502450307210523e+01 1.000000000000000000e+00
2.999547322591169518e-01 1.341889770507812614e+02 5.081100130081176758e+01 1.000000000000000000e+00
2.999547322591169518e-01 1.341889770507812614e+02 5.785697809855143703e+01 1.000000000000000000e+00
2.999547322591169518e-01 1.341889770507812614e+02 6.490295489629110648e+01 1.000000000000000000e+00
2.999547322591169518e-01 1.341889770507812614e+02 7.899490849177043117e+01 1.000000000000000000e+00
2.999547322591169518e-01 1.341889770507812614e+02 8.604088528951010062e+01 1.000000000000000000e+00
2.999547322591169518e-01 1.341889770507812614e+02 9.308686208724975586e+01 1.000000000000000000e+00
2.999547322591169518e-01 1.341889770507812614e+02 1.001328388849894253e+02 1.000000000000000000e+00
2.999547322591169518e-01 1.341889770507812614e+02 1.071788156827290948e+02 1.000000000000000000e+00
7.393857479095458984e+00 1.341889770507812614e+02 4.376502450307210523e+01 1.000000000000000000e+00
7.393857479095458984e+00 1.341889770507812614e+02 5.081100130081176758e+01 1.000000000000000000e+00
7.393857479095458984e+00 1.341889770507812614e+02 5.785697809855143703e+01 1.000000000000000000e+00
7.393857479095458984e+00 1.341889770507812614e+02 6.490295489629110648e+01 1.000000000000000000e+00
7.393857479095458984e+00 1.341889770507812614e+02 7.194893169403076172e+01 1.000000000000000000e+00
7.393857479095458984e+00 1.341889770507812614e+02 7.899490849177043117e+01 1.000000000000000000e+00
7.393857479095458984e+00 1.341889770507812614e+02 8.604088528951010062e+01 1.000000000000000000e+00
7.393857479095458984e+00 1.341889770507812614e+02 9.308686208724975586e+01 1.000000000000000000e+00
1.448776022593180812e+01 1.341889770507812614e+02 5.081100130081176758e+01 1.000000000000000000e+00
1.448776022593180812e+01 1.341889770507812614e+02 5.785697809855143703e+01 1.000000000000000000e+00
1.448776022593180812e+01 1.341889770507812614e+02 6.490295489629110648e+01 1.000000000000000000e+00
1.448776022593180812e+01 1.341889770507812614e+02 7.194893169403076172e+01 1.000000000000000000e+00
1.448776022593180812e+01 1.341889770507812614e+02 7.899490849177043117e+01 1.000000000000000000e+00
1.448776022593180812e+01 1.341889770507812614e+02 8.604088528951010062e+01 1.000000000000000000e+00
2.158166297276815726e+01 1.341889770507812614e+02 5.081100130081176758e+01 1.000000000000000000e+00
2.158166297276815726e+01 1.341889770507812614e+02 7.194893169403076172e+01 1.000000000000000000e+00
2.158166297276815726e+01 1.341889770507812614e+02 7.899490849177043117e+01 1.000000000000000000e+00
2.158166297276815726e+01 1.341889770507812614e+02 8.604088528951010062e+01 1.000000000000000000e+00
-4.935736449559529859e+01 1.412763854980468636e+02 7.899490849177043117e+01 1.000000000000000000e+00
-4.226346174875894945e+01 1.412763854980468636e+02 5.081100130081176758e+01 1.000000000000000000e+00
-4.226346174875894945e+01 1.412763854980468636e+02 6.490295489629110648e+01 1.000000000000000000e+00
-4.226346174875894945e+01 1.412763854980468636e+02 7.194893169403076172e+01 1.000000000000000000e+00
-4.226346174875894945e+01 1.412763854980468636e+02 7.899490849177043117e+01 1.000000000000000000e+00
-3.516955900192260742e+01 1.412763854980468636e+02 4.376502450307210523e+01 1.000000000000000000e+00
-3.516955900192260742e+01 1.412763854980468636e+02 5.081100130081176758e+01 1.000000000000000000e+00
-3.516955900192260742e+01 1.412763854980468636e+02 5.785697809855143703e+01 1.000000000000000000e+00
-3.516955900192260742e+01 1.412763854980468636e+02 6.490295489629110648e+01 1.000000000000000000e+00
-3.516955900192260742e+01 1.412763854980468636e+02 7.194893169403076172e+01 1.000000000000000000e+00
-3.516955900192260742e+01 1.412763854980468636e+02 7.899490849177043117e+01 1.000000000000000000e+00
-3.516955900192260742e+01 1.412763854980468636e+02 8.604088528951010062e+01 1.000000000000000000e+00
-2.807565625508626184e+01 1.412763854980468636e+02 4.376502450307210523e+01 1.000000000000000000e+00
-2.807565625508626184e+01 1.412763854980468636e+02 5.081100130081176758e+01 1.000000000000000000e+00
-2.807565625508626184e+01 1.412763854980468636e+02 5.785697809855143703e+01 1.000000000000000000e+00
-2.807565625508626184e+01 1.412763854980468636e+02 6.490295489629110648e+01 1.000000000000000000e+00
-2.807565625508626184e+01 1.412763854980468636e+02 7.194893169403076172e+01 1.000000000000000000e+00
-2.807565625508626184e+01 1.412763854980468636e+02 7.899490849177043117e+01 1.000000000000000000e+00
-2.807565625508626184e+01 1.412763854980468636e+02 8.604088528951010062e+01 1.000000000000000000e+00
-2.807565625508626184e+01 1.412763854980468636e+02 9.308686208724975586e+01 1.000000000000000000e+00
-2.098175350824991625e+01 1.412763854980468636e+02 3.671904770533243578e+01 1.000000000000000000e+00
-2.098175350824991625e+01 1.412763854980468636e+02 4.376502450307210523e+01 1.000000000000000000e+00
-2.098175350824991625e+01 1.412763854980468636e+02 5.081100130081176758e+01 1.000000000000000000e+00
-2.098175350824991625e+01 1.412763854980468636e+02 5.785697809855143703e+01 1.000000000000000000e+00
-2.098175350824991625e+01 1.412763854980468636e+02 6.490295489629110648e+01 1.000000000000000000e+00
-2.098175350824991625e+01 1.412763854980468636e+02 7.194893169403076172e+01 1.000000000000000000e+00
-2.098175350824991625e+01 1.412763854980468636e+02 7.899490849177043117e+01 1.000000000000000000e+00
-2.098175350824991625e+01 1.412763854980468636e+02 8.604088528951010062e+01 1.000000000000000000e+00
-2.098175350824991625e+01 1.412763854980468636e+02 9.308686208724975586e+01 1.000000000000000000e+00
-2.098175350824991625e+01 1.412763854980468636e+02 1.001328388849894253e+02 1.000000000000000000e+00
-1.388785076141357422e+01 1.412763854980468636e+02 4.376502450307210523e+01 1.000000000000000000e+00
-1.388785076141357422e+01 1.412763854980468636e+02 5.081100130081176758e+01 1.000000000000000000e+00
-1.388785076141357422e+01 1.412763854980468636e+02 5.785697809855143703e+01 1.000000000000000000e+00
-1.388785076141357422e+01 1.412763854980468636e+02 6.490295489629110648e+01 1.000000000000000000e+00
-1.388785076141357422e+01 1.412763854980468636e+02 7.194893169403076172e+01 1.000000000000000000e+00
-1.388785076141357422e+01 1.412763854980468636e+02 7.899490849177043117e+01 1.000000000000000000e+00
-1.388785076141357422e+01 1.412763854980468636e+02 8.604088528951010062e+01 1.000000000000000000e+00
-1.388785076141357422e+01 1.412763854980468636e+02 9.308686208724975586e+01 1.000000000000000000e+00
-1.388785076141357422e+01 1.412763854980468636e+02 1.001328388849894253e+02 1.000000000000000000e+00
-1.388785076141357422e+01 1.412763854980468636e+02 1.071788156827290948e+02 1.000000000000000000e+00
-6.793948014577225081e+00 1.412763854980468636e+02 4.376502450307210523e+01 1.000000000000000000e+00
-6.793948014577225081e+00 1.412763854980468636e+02 5.081100130081176758e+01 1.000000000000000000e+00
-6.793948014577225081e+00 1.412763854980468636e+02 5.785697809855143703e+01 1.000000000000000000e+00
-6.793948014577225081e+00 1.412763854980468636e+02 6.490295489629110648e+01 1.000000000000000000e+00
-6.793948014577225081e+00 1.412763854980468636e+02 7.194893169403076172e+01 1.000000000000000000e+00
-6.793948014577225081e+00 1.412763854980468636e+02 7.899490849177043117e+01 1.000000000000000000e+00
-6.793948014577225081e+00 1.412763854980468636e+02 8.604088528951010062e+01 1.000000000000000000e+00
-6.793948014577225081e+00 1.412763854980468636e+02 9.308686208724975586e+01 1.000000000000000000e+00
-6.793948014577225081e+00 1.412763854980468636e+02 1.001328388849894253e+02 1.000000000000000000e+00
2.999547322591169518e-01 1.412763854980468636e+02 3.671904770533243578e+01 1.000000000000000000e+00
2.999547322591169518e-01 1.412763854980468636e+02 4.376502450307210523e+01 1.000000000000000000e+00
2.999547322591169518e-01 1.412763854980468636e+02 5.081100130081176758e+01 1.000000000000000000e+00
2.999547322591169518e-01 1.412763854980468636e+02 5.785697809855143703e+01 1.000000000000000000e+00
2.999547322591169518e-01 1.412763854980468636e+02 6.490295489629110648e+01 1.000000000000000000e+00
2.999547322591169518e-01 1.412763854980468636e+02 7.194893169403076172e+01 1.000000000000000000e+00
2.999547322591169518e-01 1.412763854980468636e+02 7.899490849177043117e+01 1.000000000000000000e+00
2.999547322591169518e-01 1.412763854980468636e+02 8.604088528951010062e+01 1.000000000000000000e+00
2.999547322591169518e-01 1.412763854980468636e+02 9.308686208724975586e+01 1.000000000000000000e+00
7.393857479095458984e+00 1.412763854980468636e+02 4.376502450307210523e+01 1.000000000000000000e+00
7.393857479095458984e+00 1.412763854980468636e+02 5.081100130081176758e+01 1.000000000000000000e+00
7.393857479095458984e+00 1.412763854980468636e+02 5.785697809855143703e+01 1.000000000000000000e+00
7.393857479095458984e+00 1.412763854980468636e+02 6.490295489629110648e+01 1.000000000000000000e+00
7.393857479095458984e+00 1.412763854980468636e+02 7.194893169403076172e+01 1.000000000000000000e+00
7.393857479095458984e+00 1.412763854980468636e+02 7.899490849177043117e+01 1.000000000000000000e+00
7.393857479095458984e+00 1.412763854980468636e+02 8.604088528951010062e+01 1.000000000000000000e+00
1.448776022593180812e+01 1.412763854980468636e+02 5.081100130081176758e+01 1.000000000000000000e+00
1.448776022593180812e+01 1.412763854980468636e+02 5.785697809855143703e+01 1.000000000000000000e+00
1.448776022593180812e+01 1.412763854980468636e+02 6.490295489629110648e+01 1.000000000000000000e+00
1.448776022593180812e+01 1.412763854980468636e+02 7.194893169403076172e+01 1.000000000000000000e+00
1.448776022593180812e+01 1.412763854980468636e+02 7.899490849177043117e+01 1.000000000000000000e+00
1.448776022593180812e+01 1.412763854980468636e+02 8.604088528951010062e+01 1.000000000000000000e+00
2.158166297276815726e+01 1.412763854980468636e+02 6.490295489629110648e+01 1.000000000000000000e+00
2.158166297276815726e+01 1.412763854980468636e+02 7.194893169403076172e+01 1.000000000000000000e+00
2.158166297276815726e+01 1.412763854980468636e+02 8.604088528951010062e+01 1.000000000000000000e+00
-4.226346174875894945e+01 1.483637939453124943e+02 6.490295489629110648e+01 1.000000000000000000e+00
-4.226346174875894945e+01 1.483637939453124943e+02 7.194893169403076172e+01 1.000000000000000000e+00
-3.516955900192260742e+01 1.483637939453124943e+02 5.785697809855143703e+01 1.000000000000000000e+00
-3.516955900192260742e+01 1.483637939453124943e+02 6.490295489629110648e+01 1.000000000000000000e+00
-3.516955900192260742e+01 1.483637939453124943e+02 7.194893169403076172e+01 1.000000000000000000e+00
-3.516955900192260742e+01 1.483637939453124943e+02 7.899490849177043117e+01 1.000000000000000000e+00
-2.807565625508626184e+01 1.483637939453124943e+02 5.081100130081176758e+01 1.000000000000000000e+00
-2.807565625508626184e+01 1.483637939453124943e+02 6.490295489629110648e+01 1.000000000000000000e+00
-2.807565625508626184e+01 1.483637939453124943e+02 7.194893169403076172e+01 1.000000000000000000e+00
-2.807565625508626184e+01 1.483637939453124943e+02 8.604088528951010062e+01 1.000000000000000000e+00
-2.807565625508626184e+01 1.483637939453124943e+02 9.308686208724975586e+01 1.000000000000000000e+00
-2.098175350824991625e+01 1.483637939453124943e+02 5.081100130081176758e+01 1.000000000000000000e+00
-2.098175350824991625e+01 1.483637939453124943e+02 5.785697809855143703e+01 1.000000000000000000e+00
-2.098175350824991625e+01 1.483637939453124943e+02 6.490295489629110648e+01 1.000000000000000000e+00
-2.098175350824991625e+01 1.483637939453124943e+02 7.194893169403076172e+01 1.000000000000000000e+00
-2.098175350824991625e+01 1.483637939453124943e+02 8.604088528951010062e+01 1.000000000000000000e+00
-2.098175350824991625e+01 1.483637939453124943e+02 9.308686208724975586e+01 1.000000000000000000e+00
-2.098175350824991625e+01 1.483637939453124943e+02 1.001328388849894253e+02 1.000000000000000000e+00
-1.388785076141357422e+01 1.483637939453124943e+02 4.376502450307210523e+01 1.000000000000000000e+00
-1.388785076141357422e+01 1.483637939453124943e+02 5.081100130081176758e+01 1.000000000000000000e+00
-1.388785076141357422e+01 1.483637939453124943e+02 9.308686208724975586e+01 1.000000000000000000e+00
-6.793948014577225081e+00 1.483637939453124943e+02 4.376502450307210523e+01 1.000000000000000000e+00
-6.793948014577225081e+00 1.483637939453124943e+02 5.081100130081176758e+01 1.000000000000000000e+00
-6.793948014577225081e+00 1.483637939453124943e+02 5.785697809855143703e+01 1.000000000000000000e+00
-6.793948014577225081e+00 1.483637939453124943e+02 6.490295489629110648e+01 1.000000000000000000e+00
-6.793948014577225081e+00 1.483637939453124943e+02 7.899490849177043117e+01 1.000000000000000000e+00
-6.793948014577225081e+00 1.483637939453124943e+02 9.308686208724975586e+01 1.000000000000000000e+00
-6.793948014577225081e+00 1.483637939453124943e+02 1.001328388849894253e+02 1.000000000000000000e+00
2.999547322591169518e-01 1.483637939453124943e+02 4.376502450307210523e+01 1.000000000000000000e+00
2.999547322591169518e-01 1.483637939453124943e+02 5.785697809855143703e+01 1.000000000000000000e+00
2.999547322591169518e-01 1.483637939453124943e+02 6.490295489629110648e+01 1.000000000000000000e+00
2.999547322591169518e-01 1.483637939453124943e+02 8.604088528951010062e+01 1.000000000000000000e+00
2.999547322591169518e-01 1.483637939453124943e+02 9.308686208724975586e+01 1.000000000000000000e+00
7.393857479095458984e+00 1.483637939453124943e+02 5.785697809855143703e+01 1.000000000000000000e+00
7.393857479095458984e+00 1.483637939453124943e+02 6.490295489629110648e+01 1.000000000000000000e+00
7.393857479095458984e+00 1.483637939453124943e+02 7.899490849177043117e+01 1.000000000000000000e+00
7.393857479095458984e+00 1.483637939453124943e+02 8.604088528951010062e+01 1.000000000000000000e+00
1.448776022593180812e+01 1.483637939453124943e+02 6.490295489629110648e+01 1.000000000000000000e+00
1.448776022593180812e+01 1.483637939453124943e+02 7.194893169403076172e+01 1.000000000000000000e+00
1.448776022593180812e+01 1.483637939453124943e+02 7.899490849177043117e+01 1.000000000000000000e+00
