<X> <Y> <dY> <dX>
4.492800000000000e-03 3.904448844851156e+00 1.188879075718771e+00 9.771769767103484e-04
4.852224000000000e-03 4.376625408453136e+00 4.601759340687833e-01 1.001774810807679e-03
5.240401919999999e-03 3.856453697457751e+00 2.594646139401466e-01 1.048621675847643e-03
5.659634073600000e-03 3.758806139875855e+00 1.778464243606271e-01 1.090023949399549e-03
6.112404799487998e-03 4.142506762019844e+00 1.279022121730835e-01 1.141342750282483e-03
6.601397183447039e-03 4.115556926323238e+00 9.271763296378262e-02 1.191572941017866e-03
7.129508958122802e-03 3.877562960490310e+00 7.365443190462702e-02 1.251295898181046e-03
7.699869674772626e-03 3.799904803807429e+00 5.807951957328425e-02 1.318177587997651e-03
8.315859248754436e-03 3.721086905245056e+00 4.606891490440934e-02 1.386010102511778e-03
8.981127988654792e-03 3.696539003820980e+00 3.752441531149076e-02 1.458902506839417e-03
9.699618227747175e-03 3.613834119147378e+00 3.110796341441514e-02 1.540866710246469e-03
1.047558768596695e-02 3.591309459732699e+00 2.603469779723968e-02 1.619492285668425e-03
1.131363470084431e-02 3.459529117481917e+00 2.183337252633429e-02 1.711817555707286e-03
1.221872547691185e-02 3.392014649991175e+00 1.861440417735582e-02 1.795747301680365e-03
1.319622351506480e-02 3.248070087521043e+00 1.597376180545427e-02 1.888466202267121e-03
1.425192139626998e-02 3.161366237797600e+00 1.386639628910178e-02 1.978662677166154e-03
1.539207510797158e-02 3.032327841163947e+00 1.201556739070407e-02 2.071212748383107e-03
1.662344111660931e-02 2.909099606399799e+00 1.048024546899512e-02 2.158723009523407e-03
1.795331640593805e-02 2.769191308664297e+00 9.211330321378173e-03 2.259714312093499e-03
1.938958171841310e-02 2.626512166046219e+00 8.102550419915339e-03 2.354232790717564e-03
2.094074825588614e-02 2.477371351596600e+00 7.122891709433960e-03 2.447910749931232e-03
2.261600811635703e-02 2.299327557808490e+00 6.269387108673766e-03 2.534147891892256e-03
2.442528876566559e-02 2.137040115810048e+00 5.580781040414436e-03 2.572657792667504e-03
2.637931186691884e-02 1.946732650738898e+00 4.936946175318979e-03 2.610860478618609e-03
2.848965681627235e-02 1.747887630546455e+00 4.374561233050466e-03 2.657485279243868e-03
3.076882936157414e-02 1.538955130217264e+00 3.878886839550901e-03 2.687202179932610e-03
3.323033571050008e-02 1.315274766954902e+00 3.410270459231261e-03 2.724434365679478e-03
3.588876256734008e-02 1.106162467878894e+00 2.988528450010698e-03 2.766875740261779e-03
3.863454979458043e-02 8.984365907153882e-01 2.739611787263271e-03 2.786969572436984e-03
4.040000000000001e-02 7.875367357079114e-01 4.771110107931836e-03 2.697295266149373e-03
4.120800000000000e-02 7.308984690286502e-01 4.592071368041233e-03 2.709745387033502e-03
4.203216000000000e-02 6.730004388127859e-01 4.483342047932577e-03 2.711675605862161e-03
4.287280320000000e-02 6.189939618837941e-01 4.329891016014323e-03 2.709791315917727e-03
4.373025926400000e-02 5.819304228351746e-01 4.164283445080389e-03 2.720425228657542e-03
4.460486444928000e-02 5.351786715129605e-01 4.006211477128860e-03 2.748780668320077e-03
4.549696173826560e-02 4.890638257962988e-01 3.892746112082751e-03 2.760009191086361e-03
4.640690097303091e-02 4.458886995014959e-01 3.750128803272120e-03 2.768505481483062e-03
4.733503899249153e-02 4.058173777587067e-01 3.642046593964171e-03 2.784589394533972e-03
4.828173977234136e-02 3.645531410888687e-01 3.519384622697779e-03 2.795747583427346e-03
4.924737456778819e-02 3.322978938346611e-01 3.402254788000535e-03 2.818920770992162e-03
5.023232205914396e-02 3.032376692506616e-01 3.278632299017844e-03 2.838096739234788e-03
5.123696850032684e-02 2.654742286631026e-01 3.222165175954176e-03 2.849137373174097e-03
5.226170787033337e-02 2.400991610083295e-01 3.105814127567803e-03 2.856356352405310e-03
5.330694202774004e-02 2.157702883156796e-01 3.007473516886892e-03 2.896587544289749e-03
5.437308086829484e-02 1.978349761152514e-01 2.937438116841385e-03 2.889497908417592e-03
5.546054248566074e-02 1.786484054108408e-01 2.877085879799014e-03 2.926658845095279e-03
5.656975333537395e-02 1.592661763154718e-01 2.833950214334924e-03 2.939282202785651e-03
5.770114840208143e-02 1.476411814439814e-01 2.763363905894016e-03 2.947248551703478e-03
5.885517137012305e-02 1.468327170865874e-01 2.677462313757238e-03 2.974197282618133e-03
6.003227479752551e-02 1.329497156853361e-01 2.663941673594204e-03 2.997852021954710e-03
6.123292029347603e-02 1.313683774042564e-01 2.613267821483189e-03 3.016555231740956e-03
6.245757869934555e-02 1.342203005086210e-01 2.571164235781760e-03 3.029344460344240e-03
6.370673027333246e-02 1.307547610868539e-01 2.548822223782674e-03 3.042155561765962e-03
6.498086487879912e-02 1.372107066209961e-01 2.529977561226273e-03 3.056291050183147e-03
6.628048217637510e-02 1.470796352420704e-01 2.478006915979843e-03 3.079224377350242e-03
6.760609181990260e-02 1.519782758234988e-01 2.484688905560352e-03 3.103652173479539e-03
6.895821365630064e-02 1.588067023448898e-01 2.441772715402855e-03 3.116459609257571e-03
7.033737792942665e-02 1.717352664446707e-01 2.429309109017640e-03 3.138740460973591e-03
7.174412548801519e-02 1.827073667543897e-01 2.409906943648352e-03 3.153135726099379e-03
7.317900799777549e-02 1.925118140354261e-01 2.389440512935759e-03 3.182265836610194e-03
7.464258815773100e-02 1.973777129800325e-01 2.397169729313008e-03 3.193243920340149e-03
7.613543992088562e-02 2.133734737398775e-01 2.371663146530596e-03 3.220811954344096e-03
7.765814871930334e-02 2.212563115894066e-01 2.361188204942382e-03 3.249790949225495e-03
7.921131169368940e-02 2.286436711108601e-01 2.345870767685450e-03 3.271434632450631e-03
8.079553792756319e-02 2.390088130579777e-01 2.327259005800344e-03 3.298548397914698e-03
8.241144868611447e-02 2.432029508732828e-01 2.313738672784455e-03 3.323858496483876e-03
8.405967765983675e-02 2.507007034033327e-01 2.304879674737899e-03 3.351952141361147e-03
8.574087121303349e-02 2.509537144565616e-01 2.291011591640240e-03 3.392547134535248e-03
8.745568863729417e-02 2.508911515810728e-01 2.268036366030138e-03 3.422336089067449e-03
8.920480241004004e-02 2.503872433687608e-01 2.258735248779210e-03 3.446571240151243e-03
9.098889845824085e-02 2.444960396478157e-01 2.244433073139826e-03 3.487722543060071e-03
9.280867642740567e-02 2.395579554863892e-01 2.218179788851746e-03 3.517184391229772e-03
9.466484995595378e-02 2.318227182374120e-01 2.198559658769568e-03 3.553640582545982e-03
9.655814695507287e-02 2.254094201101319e-01 2.181348008173413e-03 3.591523729985122e-03
9.848930989417432e-02 2.122959909331207e-01 2.158157584047899e-03 3.627431718993702e-03
1.004590960920578e-01 2.013858492853972e-01 2.127050295041998e-03 3.660626455503446e-03
1.024682780138990e-01 1.874598929657375e-01 2.114294860598483e-03 3.710150405096107e-03
1.045176435741769e-01 1.740741166877723e-01 2.102715211265717e-03 3.740992539922887e-03
1.066079964456605e-01 1.681201353459689e-01 2.070447877095624e-03 3.789998966904799e-03
1.087401563745737e-01 1.512098344518106e-01 2.065382892342524e-03 3.833828061875167e-03
1.109149595020652e-01 1.411642257311525e-01 2.048650165348444e-03 3.888320502790191e-03
1.131332586921065e-01 1.325629709639173e-01 2.030220956498768e-03 3.921996283394723e-03
1.153959238659486e-01 1.276288238160804e-01 2.010894827260659e-03 3.973594083603842e-03
1.177038423432676e-01 1.216769665869242e-01 1.999977494567720e-03 4.020048924472231e-03
1.200579191901329e-01 1.162741451264176e-01 2.012326371944752e-03 4.064195742397632e-03
1.224590775739356e-01 1.159445210132195e-01 2.007981728342455e-03 4.111474620982858e-03
1.249082591254143e-01 1.174165346015698e-01 2.005232745506045e-03 4.165137872929231e-03
1.274064243079226e-01 1.213356693204081e-01 1.997525918542577e-03 4.221105276502354e-03
1.299545527940810e-01 1.239719224172826e-01 2.002700924790329e-03 4.257162015320130e-03
1.325536438499627e-01 1.219753566034986e-01 2.027467642672259e-03 4.327275012488138e-03
1.352047167269619e-01 1.249457011700111e-01 2.044612872928354e-03 4.374870503502990e-03
1.379088110615011e-01 1.314825699776822e-01 2.052920795346106e-03 4.425762313766775e-03
1.406669872827311e-01 1.373900402123464e-01 2.066160640522262e-03 4.482935347301692e-03
1.434803270283858e-01 1.401461342341803e-01 2.078307258589705e-03 4.545711455184383e-03
1.463499335689535e-01 1.418471969553620e-01 2.107160106187116e-03 4.604708915639526e-03
1.492769322403326e-01 1.395572946380211e-01 2.135809279909543e-03 4.669229431862540e-03
1.522624708851392e-01 1.392550663592833e-01 2.158279198489807e-03 4.732512973619069e-03
1.553077203028420e-01 1.370995968853730e-01 2.195702926701514e-03 4.794200716698251e-03
1.584138747088988e-01 1.334259182974761e-01 2.213025194563409e-03 4.871974577786820e-03
1.615821522030768e-01 1.334652504562517e-01 2.236352643262904e-03 4.945153833446645e-03
1.648137952471384e-01 1.316061460370341e-01 2.275015185268026e-03 5.024050178555715e-03
1.681100711520812e-01 1.234516950680317e-01 2.324406365725725e-03 5.094540600196821e-03
1.714722725751228e-01 1.163727534983567e-01 2.393887455994833e-03 5.192249146678607e-03
1.749017180266252e-01 1.136125059293568e-01 2.448180625069671e-03 5.272727862369442e-03
1.783997523871577e-01 1.123583963338491e-01 2.508291136305377e-03 5.377059842525249e-03
1.819677474349009e-01 1.103651204872459e-01 2.591939189075149e-03 5.484412006640548e-03
1.856071023835989e-01 1.128254106792282e-01 2.641431959202166e-03 5.593569310039866e-03
1.893192444312709e-01 1.109639448389891e-01 2.758889089488895e-03 5.722822474292125e-03
1.931056293198963e-01 1.088462888401223e-01 2.854504529152230e-03 5.851579795075095e-03
1.969677419062942e-01 1.113879740776517e-01 2.960032247307714e-03 5.999433971680036e-03
2.009070967444201e-01 1.099503334852609e-01 3.053785428401973e-03 6.152295680343516e-03
2.049252386793085e-01 1.110881568220245e-01 3.151199780065717e-03 6.292199813251572e-03
2.090237434528947e-01 1.139339041627064e-01 3.219340425135964e-03 6.453625739229760e-03
2.132042183219526e-01 1.091356702681727e-01 3.355336657181547e-03 6.612362439732796e-03
2.174683026883917e-01 1.134221510205470e-01 3.406998551519274e-03 6.775224221520501e-03
2.218176687421595e-01 1.055956423374465e-01 3.501915648543816e-03 6.937444785542656e-03
2.262540221170027e-01 1.068117928886792e-01 3.590501850422087e-03 7.115432988783644e-03
2.307791025593428e-01 1.106948169558550e-01 3.655493365734415e-03 7.250318773490541e-03
2.353946846105296e-01 1.051912621839107e-01 3.698955913350986e-03 7.403090918839748e-03
2.401025783027402e-01 1.017141365013975e-01 3.805637051323887e-03 7.565082601647227e-03
2.449046298687950e-01 9.873249373188045e-02 3.954909456384937e-03 7.712866281457949e-03
2.498027224661709e-01 9.845211273778356e-02 3.955912669686173e-03 7.854583484173774e-03
2.547987769154944e-01 1.035244936327202e-01 4.030147399258058e-03 7.976551142943260e-03
2.598947524538042e-01 1.053337550809695e-01 4.087327587017371e-03 8.084365265260587e-03
2.650926475028803e-01 9.744981419545357e-02 4.122283421155707e-03 8.177984053040639e-03
2.703945004529379e-01 1.006359023861547e-01 4.180289818538944e-03 8.266851019328020e-03
2.758023904619967e-01 1.011853611815909e-01 4.237981206775844e-03 8.355683793560458e-03
2.813184382712366e-01 9.506866548120635e-02 4.319389151250750e-03 8.474024239770811e-03
2.869448070366614e-01 9.756699509289152e-02 4.323477335280457e-03 8.572764791635844e-03
2.926837031773946e-01 1.039849679511527e-01 4.389636515017142e-03 8.728275274918020e-03
2.985373772409425e-01 1.024390705582726e-01 4.478632762973211e-03 8.867759417672325e-03
3.045081247857613e-01 9.500839184305340e-02 4.605243831290871e-03 9.032782006602460e-03
3.105982872814765e-01 1.006199080086483e-01 4.702385816373517e-03 9.176363407854589e-03
3.168102530271061e-01 9.084051306349175e-02 4.856947577910196e-03 9.359688172032440e-03
3.231464580876482e-01 9.632539682028504e-02 4.925355138637997e-03 9.492020385458738e-03
3.296093872494011e-01 9.159739026751015e-02 5.120400790301930e-03 9.694002246038108e-03
3.362015749943892e-01 9.857881819798486e-02 5.133067468170716e-03 9.859406355384182e-03
3.429256064942769e-01 8.859229913770636e-02 5.324131301624633e-03 9.967994709488785e-03
3.497841186241625e-01 9.053450126060689e-02 5.446686682776382e-03 1.015204938391920e-02
3.567798009966458e-01 8.774707382358213e-02 5.565399695585826e-03 1.031384543066958e-02
3.639153970165787e-01 8.987184449559857e-02 5.741425814121928e-03 1.046010905375019e-02
3.711937049569103e-01 9.047080275766670e-02 5.807200172919870e-03 1.065542919022857e-02
3.786175790560485e-01 9.070116646047888e-02 5.959335725984725e-03 1.078383266350637e-02
3.861899306371694e-01 8.859088898644010e-02 6.159592850452662e-03 1.095439774216729e-02
3.939137292499129e-01 8.821927679621352e-02 6.314415940306061e-03 1.112766398034620e-02
4.017920038349111e-01 9.034683503455412e-02 6.359232554594410e-03 1.124914259861072e-02
4.098278439116093e-01 8.723126140397564e-02 6.693089016167538e-03 1.141881611339246e-02
4.180244007898415e-01 1.049302907477680e-01 6.728854412911593e-03 1.156159168570318e-02
4.263848888056384e-01 9.761670064173736e-02 6.957476945749338e-03 1.170351762927722e-02
4.349125865817511e-01 8.441008146520931e-02 7.256432337012013e-03 1.184887464994990e-02
4.436108383133862e-01 8.413340501748565e-02 7.400097988508138e-03 1.204969615357602e-02
4.524830550796539e-01 7.062331300317329e-02 7.872273055091658e-03 1.215107555217441e-02
4.615327161812469e-01 8.451979760697198e-02 7.933911405983143e-03 1.232363535979158e-02
4.707633705048718e-01 6.792226135354917e-02 8.318344575492537e-03 1.248284851226273e-02
4.801786379149693e-01 8.219844003182347e-02 8.768130619768822e-03 1.254496384717839e-02
4.897822106732687e-01 8.160161888093204e-02 8.951835862179855e-03 1.273040195710817e-02
4.995778548867341e-01 8.046331385773897e-02 9.693359758100784e-03 1.288394386050794e-02
5.095694119844687e-01 8.138794933220797e-02 9.962240603512579e-03 1.303396447912865e-02
5.197608002241580e-01 6.879811788863477e-02 1.069167120071997e-02 1.312181485970843e-02
5.301560162286412e-01 7.728157591219878e-02 1.135832921004060e-02 1.325897613295260e-02
5.407591365532141e-01 7.468115086071242e-02 1.208932780353093e-02 1.341181714744814e-02
5.515743192842784e-01 6.913974547945356e-02 1.299708183569362e-02 1.352159085096920e-02
5.626058056699639e-01 6.000253807264624e-02 1.436685709581997e-02 1.367546922344246e-02
5.738579217833630e-01 6.417791716083140e-02 1.549392493721422e-02 1.380846393089307e-02
5.853350802190304e-01 7.061989398425256e-02 1.674196646033485e-02 1.394717013965800e-02
5.970417818234109e-01 6.935491985778447e-02 1.818162485654979e-02 1.410019446838498e-02
6.089826174598791e-01 8.770524228484666e-02 1.960926273758073e-02 1.423107085338576e-02
6.211622698090766e-01 4.908460289668809e-02 2.385959341295317e-02 1.437197407200643e-02
6.335855152052582e-01 9.561692610322697e-02 2.510826379415619e-02 1.459286632650565e-02
6.462572255093633e-01 8.587085879409950e-02 2.804599894913768e-02 1.474013632264579e-02
6.591823700195505e-01 6.967231635894422e-02 3.341321744596008e-02 1.487990777848432e-02
6.723660174199415e-01 9.477821079753146e-02 3.703950697532110e-02 1.504746008182200e-02
6.858133377683404e-01 1.216911648653044e-01 4.390856738304547e-02 1.521462185161362e-02
6.963017844176769e-01 3.028249805682576e-02 8.985932133274639e-02 1.504141802241842e-02
