<X> <Y> <dY> <dX>
1.154388000000000e-02 6.578000000000000e+00 3.966385000000000e-01 2.465640000000000e-03
1.198080000000000e-02 6.404430000000000e+00 1.867160000000000e-01 2.512715000000000e-03
1.243426000000000e-02 6.389675000000000e+00 1.395308000000000e-01 2.561375000000000e-03
1.290489000000000e-02 6.505093000000000e+00 1.188245000000000e-01 2.612519000000000e-03
1.339332000000000e-02 6.457736000000000e+00 9.970858000000000e-02 2.666464000000000e-03
1.390024000000000e-02 6.498647000000000e+00 8.631013999999999e-02 2.723508000000000e-03
1.442635000000000e-02 6.344283000000000e+00 7.315718000000000e-02 2.753395000000000e-03
1.497237000000000e-02 6.150714000000000e+00 6.480397000000000e-02 2.815735000000000e-03
1.553906000000000e-02 5.901904000000000e+00 5.676504000000000e-02 2.848501000000000e-03
1.612720000000000e-02 5.709463000000000e+00 5.128664000000000e-02 2.917038000000000e-03
1.673760000000000e-02 5.362702000000000e+00 4.597740000000000e-02 2.953191000000000e-03
1.737110000000000e-02 5.161573000000000e+00 4.099944000000000e-02 3.029063000000000e-03
1.802857000000000e-02 4.825413000000000e+00 3.775380000000000e-02 3.069251000000000e-03
1.871094000000000e-02 4.569798000000000e+00 3.281126000000000e-02 3.110963000000000e-03
1.941912000000000e-02 4.263072000000000e+00 3.445020000000000e-02 3.198958000000000e-03
2.015412000000000e-02 3.998990000000000e+00 2.739879000000000e-02 3.245880000000000e-03
2.091693000000000e-02 3.796360000000000e+00 2.500686000000000e-02 3.294803000000000e-03
2.170861000000000e-02 3.564886000000000e+00 2.287438000000000e-02 3.345874000000000e-03
2.253026000000000e-02 3.371400000000000e+00 2.084363000000000e-02 3.399266000000000e-03
2.338301000000000e-02 3.246154000000000e+00 1.901426000000000e-02 3.455179000000000e-03
2.426803000000000e-02 3.025046000000000e+00 1.772028000000000e-02 3.513807000000000e-03
2.518655000000000e-02 2.863978000000000e+00 1.615987000000000e-02 3.514610000000000e-03
2.613983000000000e-02 2.707841000000000e+00 1.487972000000000e-02 3.515496000000000e-03
2.712919000000000e-02 2.610467000000000e+00 1.391675000000000e-02 3.516443000000000e-03
2.815600000000000e-02 2.459898000000000e+00 1.285416000000000e-02 3.517453000000000e-03
2.922168000000000e-02 2.332660000000000e+00 1.211271000000000e-02 3.518538000000000e-03
3.032769000000000e-02 2.189133000000000e+00 1.116838000000000e-02 3.519716000000000e-03
3.147556000000000e-02 2.052341000000000e+00 1.040154000000000e-02 3.520985000000000e-03
3.266687000000000e-02 1.920439000000000e+00 9.733067999999999e-03 3.522344000000000e-03
3.390328000000000e-02 1.774953000000000e+00 8.976893000000000e-03 3.523808000000000e-03
3.518648000000000e-02 1.644069000000000e+00 8.254960000000000e-03 3.525382000000000e-03
3.651825000000000e-02 1.503439000000000e+00 7.740776000000000e-03 3.527085000000000e-03
3.790043000000000e-02 1.346710000000000e+00 7.043365000000000e-03 3.528920000000000e-03
3.933492000000000e-02 1.206231000000000e+00 6.528101000000000e-03 3.530891000000000e-03
4.082370000000000e-02 1.056166000000000e+00 5.951507000000000e-03 3.533020000000000e-03
4.236884000000000e-02 9.127537000000000e-01 5.295370000000000e-03 3.535303000000000e-03
4.397245000000000e-02 7.688795000000000e-01 4.777231000000000e-03 3.537753000000000e-03
4.563676000000000e-02 6.403000000000000e-01 4.282901000000000e-03 3.540391000000000e-03
4.736406000000000e-02 5.238285000000000e-01 3.832349000000000e-03 3.543248000000000e-03
4.915674000000000e-02 4.044354000000000e-01 3.388078000000000e-03 3.546320000000000e-03
5.101727000000000e-02 3.014382000000000e-01 2.986058000000000e-03 3.549632000000000e-03
5.294822000000000e-02 2.209773000000000e-01 2.643640000000000e-03 3.553205000000000e-03
5.495225000000000e-02 1.589283000000000e-01 2.409151000000000e-03 3.557010000000000e-03
5.703213000000000e-02 1.189439000000000e-01 2.197527000000000e-03 3.561079000000000e-03
5.919074000000000e-02 9.041570000000000e-02 2.028939000000000e-03 3.565508000000000e-03
6.143104000000000e-02 8.311867000000001e-02 1.942535000000000e-03 3.570259000000000e-03
6.375614000000000e-02 8.800268999999999e-02 1.876769000000000e-03 3.575392000000000e-03
6.616924000000000e-02 1.020891000000000e-01 1.859209000000000e-03 3.580908000000000e-03
6.867368000000000e-02 1.311905000000000e-01 1.870833000000000e-03 3.586800000000000e-03
7.127290000000000e-02 1.615878000000000e-01 1.871884000000000e-03 3.593148000000000e-03
7.397049999999999e-02 1.938763000000000e-01 1.879134000000000e-03 3.600008000000000e-03
7.677021000000001e-02 2.284512000000000e-01 1.889533000000000e-03 3.607375000000000e-03
7.967588000000000e-02 2.524020000000000e-01 1.875179000000000e-03 3.615260000000000e-03
8.269152000000000e-02 2.693071000000000e-01 1.841309000000000e-03 3.623743000000000e-03
8.582131000000000e-02 2.769471000000000e-01 1.793414000000000e-03 3.632867000000000e-03
8.906955000000000e-02 2.708756000000000e-01 1.725083000000000e-03 3.642631000000000e-03
9.244073999999999e-02 2.506839000000000e-01 1.619114000000000e-03 3.653186000000000e-03
9.593952000000000e-02 2.191679000000000e-01 1.526985000000000e-03 3.664539000000000e-03
9.957073000000000e-02 1.864693000000000e-01 1.421078000000000e-03 3.676675000000000e-03
1.033394000000000e-01 1.497175000000000e-01 1.316985000000000e-03 3.689729000000000e-03
1.072507000000000e-01 1.155989000000000e-01 1.227725000000000e-03 3.703735000000000e-03
1.113100000000000e-01 8.849116000000000e-02 1.149284000000000e-03 3.718707000000000e-03
1.155229000000000e-01 6.959189000000000e-02 1.085966000000000e-03 3.734771000000000e-03
1.198954000000000e-01 5.910979000000000e-02 1.034637000000000e-03 3.752026000000000e-03
1.244333000000000e-01 6.063051000000000e-02 1.006369000000000e-03 3.770543000000000e-03
1.291429000000000e-01 6.511800000000000e-02 9.834681000000000e-04 3.790364000000000e-03
1.340308000000000e-01 7.622941000000000e-02 9.669009000000000e-04 3.811586000000000e-03
1.391038000000000e-01 8.604364000000000e-02 9.542867000000000e-04 3.834307000000000e-03
1.443687000000000e-01 9.304073000000000e-02 9.372522000000000e-04 3.858609000000000e-03
1.498329000000000e-01 9.304912999999999e-02 9.163900000000000e-04 3.884651000000000e-03
1.555039000000000e-01 8.845146000000000e-02 8.954080000000000e-04 3.912481000000000e-03
1.613896000000000e-01 7.920219000000001e-02 8.733145000000000e-04 3.942219000000000e-03
1.674980000000000e-01 6.850689000000000e-02 8.552403000000001e-04 3.974006000000000e-03
1.738376000000000e-01 5.721437000000000e-02 8.457647000000000e-04 4.007965000000000e-03
1.804172000000000e-01 5.282624000000000e-02 8.514440000000000e-04 4.044164000000000e-03
1.872458000000000e-01 5.118213000000000e-02 8.736078000000000e-04 4.082816000000000e-03
1.943328000000000e-01 5.132487000000000e-02 9.163574000000001e-04 4.124043000000000e-03
2.016881000000000e-01 5.665221000000000e-02 1.007012000000000e-03 4.167927000000000e-03
2.093218000000000e-01 5.877474000000000e-02 1.230427000000000e-03 4.214560000000000e-03
2.172444000000000e-01 5.563085000000000e-02 2.015058000000000e-03 4.263820000000000e-03
2.254668000000000e-01 5.070356000000000e-02 4.986548000000000e-03 4.360207000000000e-03
2.340005000000000e-01 4.508113000000000e-02 4.656247000000000e-03 4.512150000000000e-03
2.428572000000000e-01 5.419090000000000e-02 6.902785000000000e-03 4.675690000000000e-03
2.520491000000000e-01 4.300709000000000e-02 4.225593000000000e-03 4.851961000000000e-03
2.615888000000000e-01 4.633643000000000e-02 3.295299000000000e-03 5.042188000000000e-03
2.714897000000000e-01 4.620894000000000e-02 2.874550000000000e-03 5.248121000000000e-03
2.817653000000000e-01 4.883487000000000e-02 6.248971000000000e-03 5.400472000000000e-03
2.924298000000000e-01 4.108356000000000e-02 3.907570000000000e-03 5.636904000000000e-03
3.034980000000000e-01 3.573769000000000e-02 8.155304000000000e-03 5.812556000000000e-03
3.149850000000000e-01 3.864184000000000e-02 3.916831000000000e-03 6.085730000000000e-03
3.269069000000000e-01 4.153445000000000e-02 6.903293000000000e-03 6.289481000000000e-03
3.392799000000000e-01 3.941373000000000e-02 3.780296000000000e-03 6.606762000000000e-03
3.521213000000000e-01 4.357296000000000e-02 5.595231000000000e-03 6.843973000000000e-03
3.654487000000000e-01 4.660277000000000e-02 1.087164000000000e-02 7.096711000000000e-03
3.792806000000000e-01 4.713983000000000e-02 4.588944000000000e-03 7.492575000000000e-03
3.936359000000000e-01 3.559388000000000e-02 5.649124000000000e-03 7.787837000000000e-03
4.085346000000000e-01 2.977068000000000e-02 7.396431000000000e-03 8.102468999999999e-03
4.239972000000000e-01 3.020069000000000e-02 1.087403000000000e-02 8.438565000000000e-03
4.400450000000000e-01 3.490658000000000e-02 1.626758000000000e-02 8.791294999999999e-03
4.567003000000000e-01 3.089746000000000e-02 2.767532000000000e-02 9.156958999999999e-03
