q  I(q)
1.200000e-02 7.783820e+00
1.201493e-02 7.775221e+00
1.202988e-02 7.766611e+00
1.204485e-02 7.757993e+00
1.205984e-02 7.749365e+00
1.207485e-02 7.740728e+00
1.208988e-02 7.732085e+00
1.210492e-02 7.723430e+00
1.211999e-02 7.714766e+00
1.213507e-02 7.706093e+00
1.215017e-02 7.697412e+00
1.216529e-02 7.688723e+00
1.218043e-02 7.680022e+00
1.219559e-02 7.671315e+00
1.221076e-02 7.662597e+00
1.222596e-02 7.653871e+00
1.224117e-02 7.645137e+00
1.225641e-02 7.636392e+00
1.227166e-02 7.627641e+00
1.228693e-02 7.618879e+00
1.230222e-02 7.610109e+00
1.231753e-02 7.601330e+00
1.233286e-02 7.592543e+00
1.234820e-02 7.583748e+00
1.236357e-02 7.574944e+00
1.237896e-02 7.566129e+00
1.239436e-02 7.557310e+00
1.240978e-02 7.548478e+00
1.242523e-02 7.539640e+00
1.244069e-02 7.530792e+00
1.245617e-02 7.521937e+00
1.247167e-02 7.513073e+00
1.248719e-02 7.504200e+00
1.250273e-02 7.495319e+00
1.251829e-02 7.486431e+00
1.253387e-02 7.477533e+00
1.254946e-02 7.468627e+00
1.256508e-02 7.459713e+00
1.258072e-02 7.450791e+00
1.259637e-02 7.441860e+00
1.261205e-02 7.432922e+00
1.262774e-02 7.423974e+00
1.264346e-02 7.415020e+00
1.265919e-02 7.406057e+00
1.267494e-02 7.397087e+00
1.269072e-02 7.388107e+00
1.270651e-02 7.379121e+00
1.272232e-02 7.370125e+00
1.273815e-02 7.361123e+00
1.275401e-02 7.352112e+00
1.276988e-02 7.343093e+00
1.278577e-02 7.334067e+00
1.280168e-02 7.325031e+00
1.281761e-02 7.315990e+00
1.283356e-02 7.306940e+00
1.284953e-02 7.297882e+00
1.286552e-02 7.288816e+00
1.288153e-02 7.279744e+00
1.289756e-02 7.270663e+00
1.291361e-02 7.261576e+00
1.292968e-02 7.252479e+00
1.294577e-02 7.243376e+00
1.296188e-02 7.234266e+00
1.297801e-02 7.225148e+00
1.299416e-02 7.216023e+00
1.301033e-02 7.206890e+00
1.302652e-02 7.197750e+00
1.304273e-02 7.188603e+00
1.305896e-02 7.179448e+00
1.307521e-02 7.170286e+00
1.309149e-02 7.161118e+00
1.310778e-02 7.151941e+00
1.312409e-02 7.142758e+00
1.314042e-02 7.133567e+00
1.315677e-02 7.124369e+00
1.317314e-02 7.115165e+00
1.318954e-02 7.105953e+00
1.320595e-02 7.096735e+00
1.322238e-02 7.087510e+00
1.323884e-02 7.078278e+00
1.325531e-02 7.069038e+00
1.327181e-02 7.059793e+00
1.328832e-02 7.050540e+00
1.330486e-02 7.041280e+00
1.332142e-02 7.032015e+00
1.333800e-02 7.022742e+00
1.335459e-02 7.013464e+00
1.337121e-02 7.004178e+00
1.338785e-02 6.994886e+00
1.340451e-02 6.985587e+00
1.342119e-02 6.976282e+00
1.343789e-02 6.966971e+00
1.345462e-02 6.957653e+00
1.347136e-02 6.948329e+00
1.348812e-02 6.938998e+00
1.350491e-02 6.929660e+00
1.352171e-02 6.920318e+00
1.353854e-02 6.910969e+00
1.355539e-02 6.901614e+00
1.357226e-02 6.892253e+00
1.358915e-02 6.882886e+00
1.360606e-02 6.873512e+00
1.362299e-02 6.864133e+00
1.363994e-02 6.854748e+00
1.365692e-02 6.845358e+00
1.367391e-02 6.835961e+00
1.369093e-02 6.826559e+00
1.370796e-02 6.817149e+00
1.372502e-02 6.807736e+00
1.374210e-02 6.798317e+00
1.375920e-02 6.788891e+00
1.377633e-02 6.779460e+00
1.379347e-02 6.770024e+00
1.381063e-02 6.760582e+00
1.382782e-02 6.751136e+00
1.384503e-02 6.741683e+00
1.386226e-02 6.732226e+00
1.387951e-02 6.722762e+00
1.389678e-02 6.713294e+00
1.391407e-02 6.703820e+00
1.393139e-02 6.694343e+00
1.394872e-02 6.684858e+00
1.396608e-02 6.675370e+00
1.398346e-02 6.665875e+00
1.400086e-02 6.656377e+00
1.401829e-02 6.646874e+00
1.403573e-02 6.637365e+00
1.405320e-02 6.627852e+00
1.407069e-02 6.618334e+00
1.408820e-02 6.608811e+00
1.410573e-02 6.599283e+00
1.412328e-02 6.589750e+00
1.414086e-02 6.580214e+00
1.415845e-02 6.570673e+00
1.417607e-02 6.561128e+00
1.419371e-02 6.551578e+00
1.421138e-02 6.542023e+00
1.422906e-02 6.532465e+00
1.424677e-02 6.522901e+00
1.426450e-02 6.513334e+00
1.428225e-02 6.503763e+00
1.430002e-02 6.494187e+00
1.431782e-02 6.484608e+00
1.433563e-02 6.475024e+00
1.435347e-02 6.465436e+00
1.437134e-02 6.455845e+00
1.438922e-02 6.446250e+00
1.440713e-02 6.436650e+00
1.442505e-02 6.427047e+00
1.444301e-02 6.417440e+00
1.446098e-02 6.407831e+00
1.447897e-02 6.398217e+00
1.449699e-02 6.388599e+00
1.451503e-02 6.378978e+00
1.453310e-02 6.369354e+00
1.455118e-02 6.359727e+00
1.456929e-02 6.350094e+00
1.458742e-02 6.340460e+00
1.460557e-02 6.330823e+00
1.462375e-02 6.321183e+00
1.464195e-02 6.311538e+00
1.466017e-02 6.301891e+00
1.467841e-02 6.292241e+00
1.469668e-02 6.282588e+00
1.471496e-02 6.272932e+00
1.473328e-02 6.263273e+00
1.475161e-02 6.253612e+00
1.476997e-02 6.243948e+00
1.478835e-02 6.234281e+00
1.480675e-02 6.224611e+00
1.482518e-02 6.214940e+00
1.484363e-02 6.205265e+00
1.486210e-02 6.195588e+00
1.488059e-02 6.185909e+00
1.489911e-02 6.176227e+00
1.491765e-02 6.166543e+00
1.493621e-02 6.156857e+00
1.495480e-02 6.147168e+00
1.497341e-02 6.137478e+00
1.499204e-02 6.127785e+00
1.501070e-02 6.118091e+00
1.502938e-02 6.108395e+00
1.504808e-02 6.098697e+00
1.506681e-02 6.088997e+00
1.508556e-02 6.079295e+00
1.510433e-02 6.069591e+00
1.512313e-02 6.059887e+00
1.514195e-02 6.050180e+00
1.516079e-02 6.040472e+00
1.517966e-02 6.030762e+00
1.519855e-02 6.021051e+00
1.521746e-02 6.011340e+00
1.523640e-02 6.001626e+00
1.525536e-02 5.991912e+00
1.527434e-02 5.982196e+00
1.529335e-02 5.972478e+00
1.531238e-02 5.962761e+00
1.533144e-02 5.953042e+00
1.535052e-02 5.943323e+00
1.536962e-02 5.933602e+00
1.538874e-02 5.923880e+00
1.540789e-02 5.914158e+00
1.542707e-02 5.904436e+00
1.544627e-02 5.894713e+00
1.546549e-02 5.884989e+00
1.548473e-02 5.875265e+00
1.550400e-02 5.865540e+00
1.552330e-02 5.855816e+00
1.554261e-02 5.846090e+00
1.556196e-02 5.836365e+00
1.558132e-02 5.826640e+00
1.560071e-02 5.816914e+00
1.562012e-02 5.807189e+00
1.563956e-02 5.797464e+00
1.565902e-02 5.787738e+00
1.567851e-02 5.778014e+00
1.569802e-02 5.768288e+00
1.571756e-02 5.758565e+00
1.573712e-02 5.748840e+00
1.575670e-02 5.739117e+00
1.577631e-02 5.729394e+00
1.579594e-02 5.719671e+00
1.581560e-02 5.709950e+00
1.583528e-02 5.700230e+00
1.585498e-02 5.690509e+00
1.587471e-02 5.680790e+00
1.589447e-02 5.671072e+00
1.591425e-02 5.661354e+00
1.593405e-02 5.651638e+00
1.595388e-02 5.641923e+00
1.597373e-02 5.632209e+00
1.599361e-02 5.622497e+00
1.601352e-02 5.612785e+00
1.603344e-02 5.603076e+00
1.605340e-02 5.593368e+00
1.607337e-02 5.583661e+00
1.609337e-02 5.573955e+00
1.611340e-02 5.564251e+00
1.613345e-02 5.554551e+00
1.615353e-02 5.544851e+00
1.617363e-02 5.535152e+00
1.619376e-02 5.525457e+00
1.621391e-02 5.515763e+00
1.623409e-02 5.506071e+00
1.625429e-02 5.496381e+00
1.627452e-02 5.486694e+00
1.629477e-02 5.477008e+00
1.631505e-02 5.467326e+00
1.633535e-02 5.457646e+00
1.635568e-02 5.447968e+00
1.637603e-02 5.438293e+00
1.639641e-02 5.428622e+00
1.641681e-02 5.418951e+00
1.643724e-02 5.409285e+00
1.645770e-02 5.399622e+00
1.647818e-02 5.389959e+00
1.649868e-02 5.380302e+00
1.651922e-02 5.370648e+00
1.653977e-02 5.360996e+00
1.656035e-02 5.351347e+00
1.658096e-02 5.341703e+00
1.660160e-02 5.332062e+00
1.662226e-02 5.322423e+00
1.664294e-02 5.312788e+00
1.666365e-02 5.303158e+00
1.668439e-02 5.293530e+00
1.670515e-02 5.283906e+00
1.672594e-02 5.274287e+00
1.674675e-02 5.264671e+00
1.676759e-02 5.255059e+00
1.678846e-02 5.245452e+00
1.680935e-02 5.235848e+00
1.683027e-02 5.226249e+00
1.685121e-02 5.216654e+00
1.687218e-02 5.207064e+00
1.689318e-02 5.197477e+00
1.691420e-02 5.187895e+00
1.693525e-02 5.178318e+00
1.695632e-02 5.168746e+00
1.697743e-02 5.159178e+00
1.699855e-02 5.149615e+00
1.701971e-02 5.140057e+00
1.704089e-02 5.130503e+00
1.706209e-02 5.120955e+00
1.708332e-02 5.111412e+00
1.710458e-02 5.101874e+00
1.712587e-02 5.092342e+00
1.714718e-02 5.082815e+00
1.716852e-02 5.073293e+00
1.718988e-02 5.063777e+00
1.721127e-02 5.054266e+00
1.723269e-02 5.044760e+00
1.725414e-02 5.035260e+00
1.727561e-02 5.025768e+00
1.729711e-02 5.016279e+00
1.731863e-02 5.006798e+00
1.734018e-02 4.997322e+00
1.736176e-02 4.987852e+00
1.738337e-02 4.978388e+00
1.740500e-02 4.968931e+00
1.742666e-02 4.959480e+00
1.744835e-02 4.950035e+00
1.747006e-02 4.940597e+00
1.749180e-02 4.931165e+00
1.751357e-02 4.921740e+00
1.753536e-02 4.912321e+00
1.755718e-02 4.902910e+00
1.757903e-02 4.893505e+00
1.760091e-02 4.884107e+00
1.762281e-02 4.874716e+00
1.764474e-02 4.865333e+00
1.766670e-02 4.855956e+00
1.768868e-02 4.846587e+00
1.771069e-02 4.837225e+00
1.773273e-02 4.827870e+00
1.775480e-02 4.818522e+00
1.777689e-02 4.809183e+00
1.779902e-02 4.799851e+00
1.782117e-02 4.790527e+00
1.784334e-02 4.781209e+00
1.786555e-02 4.771901e+00
1.788778e-02 4.762600e+00
1.791004e-02 4.753307e+00
1.793233e-02 4.744023e+00
1.795464e-02 4.734746e+00
1.797699e-02 4.725477e+00
1.799936e-02 4.716217e+00
1.802176e-02 4.706966e+00
1.804418e-02 4.697722e+00
1.806664e-02 4.688488e+00
1.808912e-02 4.679261e+00
1.811163e-02 4.670045e+00
1.813417e-02 4.660836e+00
1.815673e-02 4.651636e+00
1.817933e-02 4.642445e+00
1.820195e-02 4.633262e+00
1.822460e-02 4.624090e+00
1.824728e-02 4.614926e+00
1.826999e-02 4.605772e+00
1.829273e-02 4.596627e+00
1.831549e-02 4.587491e+00
1.833828e-02 4.578364e+00
1.836110e-02 4.569249e+00
1.838395e-02 4.560141e+00
1.840683e-02 4.551042e+00
1.842973e-02 4.541955e+00
1.845267e-02 4.532877e+00
1.847563e-02 4.523809e+00
1.849862e-02 4.514752e+00
1.852164e-02 4.505704e+00
1.854469e-02 4.496666e+00
1.856777e-02 4.487638e+00
1.859088e-02 4.478620e+00
1.861401e-02 4.469614e+00
1.863717e-02 4.460617e+00
1.866037e-02 4.451631e+00
1.868359e-02 4.442655e+00
1.870684e-02 4.433691e+00
1.873012e-02 4.424737e+00
1.875343e-02 4.415794e+00
1.877676e-02 4.406861e+00
1.880013e-02 4.397941e+00
1.882352e-02 4.389030e+00
1.884695e-02 4.380131e+00
1.887040e-02 4.371243e+00
1.889388e-02 4.362366e+00
1.891740e-02 4.353501e+00
1.894094e-02 4.344646e+00
1.896451e-02 4.335804e+00
1.898811e-02 4.326973e+00
1.901174e-02 4.318154e+00
1.903540e-02 4.309347e+00
1.905908e-02 4.300550e+00
1.908280e-02 4.291767e+00
1.910655e-02 4.282995e+00
1.913033e-02 4.274235e+00
1.915413e-02 4.265487e+00
1.917797e-02 4.256751e+00
1.920183e-02 4.248027e+00
1.922573e-02 4.239316e+00
1.924965e-02 4.230617e+00
1.927361e-02 4.221931e+00
1.929759e-02 4.213256e+00
1.932161e-02 4.204595e+00
1.934565e-02 4.195946e+00
1.936972e-02 4.187310e+00
1.939383e-02 4.178686e+00
1.941796e-02 4.170076e+00
1.944213e-02 4.161478e+00
1.946632e-02 4.152894e+00
1.949055e-02 4.144323e+00
1.951480e-02 4.135764e+00
1.953908e-02 4.127220e+00
1.956340e-02 4.118688e+00
1.958774e-02 4.110170e+00
1.961212e-02 4.101664e+00
1.963653e-02 4.093173e+00
1.966096e-02 4.084695e+00
1.968543e-02 4.076231e+00
1.970993e-02 4.067780e+00
1.973445e-02 4.059343e+00
1.975901e-02 4.050921e+00
1.978360e-02 4.042511e+00
1.980822e-02 4.034116e+00
1.983287e-02 4.025735e+00
1.985755e-02 4.017368e+00
1.988226e-02 4.009015e+00
1.990700e-02 4.000676e+00
1.993177e-02 3.992352e+00
1.995658e-02 3.984042e+00
1.998141e-02 3.975746e+00
2.000628e-02 3.967465e+00
2.003117e-02 3.959198e+00
2.005610e-02 3.950946e+00
2.008106e-02 3.942710e+00
2.010605e-02 3.934487e+00
2.013107e-02 3.926280e+00
2.015612e-02 3.918087e+00
2.018120e-02 3.909909e+00
2.020632e-02 3.901746e+00
2.023146e-02 3.893598e+00
2.025664e-02 3.885466e+00
2.028185e-02 3.877348e+00
2.030709e-02 3.869246e+00
2.033236e-02 3.861160e+00
2.035766e-02 3.853088e+00
2.038299e-02 3.845032e+00
2.040836e-02 3.836991e+00
2.043375e-02 3.828967e+00
2.045918e-02 3.820957e+00
2.048464e-02 3.812963e+00
2.051013e-02 3.804986e+00
2.053566e-02 3.797023e+00
2.056121e-02 3.789077e+00
2.058680e-02 3.781146e+00
2.061242e-02 3.773233e+00
2.063807e-02 3.765334e+00
2.066375e-02 3.757451e+00
2.068947e-02 3.749585e+00
2.071521e-02 3.741736e+00
2.074099e-02 3.733902e+00
2.076680e-02 3.726084e+00
2.079264e-02 3.718283e+00
2.081852e-02 3.710498e+00
2.084442e-02 3.702730e+00
2.087036e-02 3.694978e+00
2.089634e-02 3.687243e+00
2.092234e-02 3.679525e+00
2.094838e-02 3.671823e+00
2.097444e-02 3.664138e+00
2.100055e-02 3.656469e+00
2.102668e-02 3.648818e+00
2.105285e-02 3.641183e+00
2.107904e-02 3.633566e+00
2.110527e-02 3.625965e+00
2.113154e-02 3.618381e+00
2.115784e-02 3.610815e+00
2.118416e-02 3.603265e+00
2.121053e-02 3.595732e+00
2.123692e-02 3.588218e+00
2.126335e-02 3.580720e+00
2.128981e-02 3.573239e+00
2.131630e-02 3.565776e+00
2.134283e-02 3.558330e+00
2.136939e-02 3.550902e+00
2.139598e-02 3.543491e+00
2.142261e-02 3.536098e+00
2.144927e-02 3.528722e+00
2.147596e-02 3.521364e+00
2.150268e-02 3.514023e+00
2.152944e-02 3.506700e+00
2.155623e-02 3.499396e+00
2.158306e-02 3.492109e+00
2.160992e-02 3.484839e+00
2.163681e-02 3.477588e+00
2.166373e-02 3.470354e+00
2.169069e-02 3.463138e+00
2.171769e-02 3.455940e+00
2.174471e-02 3.448761e+00
2.177177e-02 3.441600e+00
2.179886e-02 3.434456e+00
2.182599e-02 3.427330e+00
2.185315e-02 3.420223e+00
2.188035e-02 3.413134e+00
2.190757e-02 3.406063e+00
2.193484e-02 3.399011e+00
2.196213e-02 3.391976e+00
2.198946e-02 3.384961e+00
2.201683e-02 3.377963e+00
2.204423e-02 3.370984e+00
2.207166e-02 3.364023e+00
2.209912e-02 3.357081e+00
2.212663e-02 3.350158e+00
2.215416e-02 3.343252e+00
2.218173e-02 3.336365e+00
2.220933e-02 3.329497e+00
2.223697e-02 3.322647e+00
2.226464e-02 3.315817e+00
2.229235e-02 3.309004e+00
2.232009e-02 3.302211e+00
2.234787e-02 3.295436e+00
2.237568e-02 3.288679e+00
2.240352e-02 3.281942e+00
2.243140e-02 3.275223e+00
2.245931e-02 3.268523e+00
2.248726e-02 3.261842e+00
2.251525e-02 3.255180e+00
2.254327e-02 3.248537e+00
2.257132e-02 3.241912e+00
2.259941e-02 3.235307e+00
2.262753e-02 3.228720e+00
2.265569e-02 3.222152e+00
2.268388e-02 3.215603e+00
2.271211e-02 3.209073e+00
2.274037e-02 3.202562e+00
2.276867e-02 3.196070e+00
2.279701e-02 3.189597e+00
2.282537e-02 3.183143e+00
2.285378e-02 3.176708e+00
2.288222e-02 3.170292e+00
2.291069e-02 3.163896e+00
2.293920e-02 3.157517e+00
2.296775e-02 3.151159e+00
2.299633e-02 3.144819e+00
2.302495e-02 3.138499e+00
2.305360e-02 3.132197e+00
2.308229e-02 3.125915e+00
2.311101e-02 3.119651e+00
2.313977e-02 3.113407e+00
2.316857e-02 3.107182e+00
2.319740e-02 3.100976e+00
2.322627e-02 3.094790e+00
2.325517e-02 3.088622e+00
2.328411e-02 3.082474e+00
2.331309e-02 3.076344e+00
2.334210e-02 3.070233e+00
2.337115e-02 3.064142e+00
2.340023e-02 3.058070e+00
2.342935e-02 3.052018e+00
2.345851e-02 3.045984e+00
2.348770e-02 3.039969e+00
2.351693e-02 3.033973e+00
2.354619e-02 3.027997e+00
2.357549e-02 3.022039e+00
2.360483e-02 3.016100e+00
2.363420e-02 3.010182e+00
2.366362e-02 3.004281e+00
2.369306e-02 2.998400e+00
2.372255e-02 2.992538e+00
2.375207e-02 2.986695e+00
2.378163e-02 2.980871e+00
2.381122e-02 2.975066e+00
2.384085e-02 2.969280e+00
2.387052e-02 2.963513e+00
2.390022e-02 2.957765e+00
2.392997e-02 2.952036e+00
2.395975e-02 2.946327e+00
2.398956e-02 2.940635e+00
2.401941e-02 2.934963e+00
2.404930e-02 2.929310e+00
2.407923e-02 2.923675e+00
2.410920e-02 2.918060e+00
2.413920e-02 2.912462e+00
2.416924e-02 2.906885e+00
2.419932e-02 2.901326e+00
2.422943e-02 2.895785e+00
2.425958e-02 2.890263e+00
2.428977e-02 2.884760e+00
2.432000e-02 2.879276e+00
2.435026e-02 2.873811e+00
2.438056e-02 2.868363e+00
2.441090e-02 2.862935e+00
2.444128e-02 2.857525e+00
2.447170e-02 2.852134e+00
2.450215e-02 2.846761e+00
2.453264e-02 2.841406e+00
2.456317e-02 2.836070e+00
2.459374e-02 2.830753e+00
2.462434e-02 2.825454e+00
2.465498e-02 2.820173e+00
2.468566e-02 2.814910e+00
2.471638e-02 2.809666e+00
2.474714e-02 2.804440e+00
2.477794e-02 2.799232e+00
2.480877e-02 2.794042e+00
2.483964e-02 2.788871e+00
2.487056e-02 2.783717e+00
2.490150e-02 2.778582e+00
2.493249e-02 2.773464e+00
2.496352e-02 2.768365e+00
2.499458e-02 2.763283e+00
2.502569e-02 2.758219e+00
2.505683e-02 2.753173e+00
2.508801e-02 2.748144e+00
2.511923e-02 2.743134e+00
2.515049e-02 2.738141e+00
2.518179e-02 2.733165e+00
2.521313e-02 2.728207e+00
2.524450e-02 2.723266e+00
2.527592e-02 2.718344e+00
2.530737e-02 2.713438e+00
2.533886e-02 2.708550e+00
2.537040e-02 2.703679e+00
2.540197e-02 2.698825e+00
2.543358e-02 2.693988e+00
2.546523e-02 2.689169e+00
2.549692e-02 2.684366e+00
2.552865e-02 2.679581e+00
2.556041e-02 2.674812e+00
2.559222e-02 2.670060e+00
2.562407e-02 2.665325e+00
2.565596e-02 2.660607e+00
2.568788e-02 2.655906e+00
2.571985e-02 2.651220e+00
2.575186e-02 2.646552e+00
2.578390e-02 2.641900e+00
2.581599e-02 2.637264e+00
2.584812e-02 2.632645e+00
2.588028e-02 2.628042e+00
2.591249e-02 2.623455e+00
2.594473e-02 2.618884e+00
2.597702e-02 2.614329e+00
2.600935e-02 2.609791e+00
2.604171e-02 2.605268e+00
2.607412e-02 2.600761e+00
2.610657e-02 2.596270e+00
2.613905e-02 2.591794e+00
2.617158e-02 2.587334e+00
2.620415e-02 2.582890e+00
2.623676e-02 2.578460e+00
2.626941e-02 2.574047e+00
2.630210e-02 2.569648e+00
2.633483e-02 2.565265e+00
2.636760e-02 2.560897e+00
2.640041e-02 2.556544e+00
2.643327e-02 2.552205e+00
2.646616e-02 2.547882e+00
2.649910e-02 2.543574e+00
2.653207e-02 2.539280e+00
2.656509e-02 2.535000e+00
2.659815e-02 2.530736e+00
2.663125e-02 2.526485e+00
2.666439e-02 2.522249e+00
2.669757e-02 2.518027e+00
2.673079e-02 2.513820e+00
2.676406e-02 2.509626e+00
2.679736e-02 2.505446e+00
2.683071e-02 2.501280e+00
2.686410e-02 2.497128e+00
2.689753e-02 2.492989e+00
2.693100e-02 2.488865e+00
2.696451e-02 2.484753e+00
2.699807e-02 2.480655e+00
2.703167e-02 2.476570e+00
2.706531e-02 2.472499e+00
2.709899e-02 2.468440e+00
2.713271e-02 2.464395e+00
2.716647e-02 2.460362e+00
2.720028e-02 2.456342e+00
2.723413e-02 2.452335e+00
2.726802e-02 2.448340e+00
2.730195e-02 2.444358e+00
2.733593e-02 2.440388e+00
2.736995e-02 2.436430e+00
2.740400e-02 2.432485e+00
2.743811e-02 2.428551e+00
2.747225e-02 2.424630e+00
2.750644e-02 2.420720e+00
2.754067e-02 2.416822e+00
2.757494e-02 2.412936e+00
2.760926e-02 2.409061e+00
2.764361e-02 2.405197e+00
2.767801e-02 2.401344e+00
2.771246e-02 2.397503e+00
2.774694e-02 2.393673e+00
2.778147e-02 2.389854e+00
2.781604e-02 2.386045e+00
2.785066e-02 2.382247e+00
2.788532e-02 2.378459e+00
2.792002e-02 2.374683e+00
2.795476e-02 2.370916e+00
2.798955e-02 2.367159e+00
2.802438e-02 2.363413e+00
2.805925e-02 2.359677e+00
2.809417e-02 2.355950e+00
2.812913e-02 2.352233e+00
2.816414e-02 2.348526e+00
2.819919e-02 2.344828e+00
2.823428e-02 2.341140e+00
2.826941e-02 2.337461e+00
2.830459e-02 2.333791e+00
2.833981e-02 2.330129e+00
2.837508e-02 2.326477e+00
2.841039e-02 2.322834e+00
2.844575e-02 2.319199e+00
2.848114e-02 2.315572e+00
2.851659e-02 2.311954e+00
2.855207e-02 2.308344e+00
2.858760e-02 2.304742e+00
2.862318e-02 2.301148e+00
2.865880e-02 2.297562e+00
2.869446e-02 2.293983e+00
2.873017e-02 2.290412e+00
2.876592e-02 2.286849e+00
2.880172e-02 2.283292e+00
2.883756e-02 2.279743e+00
2.887345e-02 2.276201e+00
2.890938e-02 2.272666e+00
2.894535e-02 2.269138e+00
2.898137e-02 2.265616e+00
2.901744e-02 2.262100e+00
2.905355e-02 2.258592e+00
2.908970e-02 2.255089e+00
2.912590e-02 2.251592e+00
2.916215e-02 2.248101e+00
2.919844e-02 2.244616e+00
2.923477e-02 2.241137e+00
2.927115e-02 2.237663e+00
2.930758e-02 2.234195e+00
2.934405e-02 2.230732e+00
2.938057e-02 2.227274e+00
2.941713e-02 2.223821e+00
2.945374e-02 2.220373e+00
2.949039e-02 2.216929e+00
2.952709e-02 2.213490e+00
2.956383e-02 2.210056e+00
2.960062e-02 2.206625e+00
2.963746e-02 2.203199e+00
2.967434e-02 2.199777e+00
2.971127e-02 2.196359e+00
2.974824e-02 2.192944e+00
2.978526e-02 2.189533e+00
2.982232e-02 2.186125e+00
2.985944e-02 2.182721e+00
2.989659e-02 2.179320e+00
2.993380e-02 2.175921e+00
2.997105e-02 2.172526e+00
3.000834e-02 2.169134e+00
3.004569e-02 2.165743e+00
3.008308e-02 2.162356e+00
3.012051e-02 2.158971e+00
3.015800e-02 2.155587e+00
3.019553e-02 2.152206e+00
3.023310e-02 2.148827e+00
3.027072e-02 2.145449e+00
3.030839e-02 2.142073e+00
3.034611e-02 2.138698e+00
3.038387e-02 2.135325e+00
3.042168e-02 2.131953e+00
3.045954e-02 2.128582e+00
3.049745e-02 2.125211e+00
3.053540e-02 2.121841e+00
3.057340e-02 2.118473e+00
3.061144e-02 2.115103e+00
3.064954e-02 2.111735e+00
3.068768e-02 2.108367e+00
3.072587e-02 2.104998e+00
3.076410e-02 2.101630e+00
3.080238e-02 2.098261e+00
3.084072e-02 2.094892e+00
3.087909e-02 2.091522e+00
3.091752e-02 2.088152e+00
3.095600e-02 2.084780e+00
3.099452e-02 2.081408e+00
3.103309e-02 2.078034e+00
3.107171e-02 2.074660e+00
3.111037e-02 2.071283e+00
3.114909e-02 2.067905e+00
3.118785e-02 2.064526e+00
3.122666e-02 2.061144e+00
3.126552e-02 2.057761e+00
3.130443e-02 2.054375e+00
3.134338e-02 2.050987e+00
3.138239e-02 2.047597e+00
3.142144e-02 2.044204e+00
3.146054e-02 2.040808e+00
3.149969e-02 2.037410e+00
3.153889e-02 2.034009e+00
3.157814e-02 2.030604e+00
3.161744e-02 2.027196e+00
3.165678e-02 2.023786e+00
3.169618e-02 2.020371e+00
3.173562e-02 2.016952e+00
3.177511e-02 2.013530e+00
3.181465e-02 2.010104e+00
3.185424e-02 2.006674e+00
3.189388e-02 2.003240e+00
3.193357e-02 1.999801e+00
3.197331e-02 1.996358e+00
3.201310e-02 1.992910e+00
3.205294e-02 1.989457e+00
3.209283e-02 1.986000e+00
3.213276e-02 1.982538e+00
3.217275e-02 1.979070e+00
3.221279e-02 1.975597e+00
3.225287e-02 1.972119e+00
3.229301e-02 1.968636e+00
3.233319e-02 1.965146e+00
3.237343e-02 1.961651e+00
3.241372e-02 1.958150e+00
3.245405e-02 1.954643e+00
3.249444e-02 1.951130e+00
3.253488e-02 1.947611e+00
3.257536e-02 1.944085e+00
3.261590e-02 1.940553e+00
3.265649e-02 1.937013e+00
3.269713e-02 1.933468e+00
3.273782e-02 1.929915e+00
3.277856e-02 1.926355e+00
3.281935e-02 1.922789e+00
3.286019e-02 1.919214e+00
3.290108e-02 1.915633e+00
3.294202e-02 1.912044e+00
3.298302e-02 1.908448e+00
3.302406e-02 1.904843e+00
3.306516e-02 1.901232e+00
3.310630e-02 1.897611e+00
3.314750e-02 1.893984e+00
3.318875e-02 1.890347e+00
3.323005e-02 1.886703e+00
3.327140e-02 1.883050e+00
3.331281e-02 1.879389e+00
3.335426e-02 1.875720e+00
3.339577e-02 1.872041e+00
3.343733e-02 1.868354e+00
3.347894e-02 1.864658e+00
3.352060e-02 1.860952e+00
3.356231e-02 1.857238e+00
3.360408e-02 1.853515e+00
3.364590e-02 1.849782e+00
3.368777e-02 1.846040e+00
3.372969e-02 1.842288e+00
3.377166e-02 1.838527e+00
3.381369e-02 1.834756e+00
3.385577e-02 1.830975e+00
3.389790e-02 1.827185e+00
3.394008e-02 1.823384e+00
3.398232e-02 1.819574e+00
3.402461e-02 1.815753e+00
3.406695e-02 1.811922e+00
3.410934e-02 1.808081e+00
3.415179e-02 1.804229e+00
3.419429e-02 1.800367e+00
3.423684e-02 1.796495e+00
3.427944e-02 1.792611e+00
3.432210e-02 1.788717e+00
3.436481e-02 1.784813e+00
3.440758e-02 1.780897e+00
3.445040e-02 1.776970e+00
3.449327e-02 1.773033e+00
3.453619e-02 1.769084e+00
3.457917e-02 1.765124e+00
3.462220e-02 1.761153e+00
3.466528e-02 1.757171e+00
3.470842e-02 1.753177e+00
3.475161e-02 1.749172e+00
3.479486e-02 1.745156e+00
3.483816e-02 1.741127e+00
3.488151e-02 1.737088e+00
3.492492e-02 1.733036e+00
3.496838e-02 1.728973e+00
3.501190e-02 1.724899e+00
3.505547e-02 1.720812e+00
3.509909e-02 1.716713e+00
3.514277e-02 1.712603e+00
3.518650e-02 1.708480e+00
3.523029e-02 1.704346e+00
3.527413e-02 1.700199e+00
3.531802e-02 1.696041e+00
3.536197e-02 1.691870e+00
3.540598e-02 1.687687e+00
3.545004e-02 1.683491e+00
3.549415e-02 1.679284e+00
3.553832e-02 1.675064e+00
3.558255e-02 1.670832e+00
3.562683e-02 1.666587e+00
3.567116e-02 1.662330e+00
3.571555e-02 1.658061e+00
3.576000e-02 1.653779e+00
3.580450e-02 1.649485e+00
3.584906e-02 1.645179e+00
3.589367e-02 1.640859e+00
3.593833e-02 1.636527e+00
3.598306e-02 1.632183e+00
3.602783e-02 1.627826e+00
3.607267e-02 1.623456e+00
3.611756e-02 1.619074e+00
3.616250e-02 1.614680e+00
3.620750e-02 1.610272e+00
3.625256e-02 1.605852e+00
3.629768e-02 1.601420e+00
3.634284e-02 1.596974e+00
3.638807e-02 1.592517e+00
3.643335e-02 1.588046e+00
3.647869e-02 1.583563e+00
3.652409e-02 1.579067e+00
3.656954e-02 1.574559e+00
3.661505e-02 1.570038e+00
3.666061e-02 1.565504e+00
3.670623e-02 1.560958e+00
3.675191e-02 1.556399e+00
3.679764e-02 1.551828e+00
3.684344e-02 1.547244e+00
3.688928e-02 1.542648e+00
3.693519e-02 1.538039e+00
3.698115e-02 1.533418e+00
3.702717e-02 1.528784e+00
3.707325e-02 1.524138e+00
3.711939e-02 1.519479e+00
3.716558e-02 1.514808e+00
3.721183e-02 1.510125e+00
3.725814e-02 1.505430e+00
3.730450e-02 1.500722e+00
3.735092e-02 1.496002e+00
3.739740e-02 1.491270e+00
3.744394e-02 1.486526e+00
3.749054e-02 1.481770e+00
3.753719e-02 1.477001e+00
3.758390e-02 1.472221e+00
3.763067e-02 1.467429e+00
3.767750e-02 1.462625e+00
3.772439e-02 1.457809e+00
3.777133e-02 1.452981e+00
3.781834e-02 1.448142e+00
3.786540e-02 1.443291e+00
3.791252e-02 1.438428e+00
3.795970e-02 1.433554e+00
3.800694e-02 1.428669e+00
3.805423e-02 1.423772e+00
3.810159e-02 1.418864e+00
3.814900e-02 1.413944e+00
3.819648e-02 1.409014e+00
3.824401e-02 1.404072e+00
3.829160e-02 1.399120e+00
3.833925e-02 1.394156e+00
3.838696e-02 1.389181e+00
3.843473e-02 1.384196e+00
3.848256e-02 1.379201e+00
3.853045e-02 1.374194e+00
3.857840e-02 1.369178e+00
3.862641e-02 1.364150e+00
3.867447e-02 1.359113e+00
3.872260e-02 1.354066e+00
3.877079e-02 1.349008e+00
3.881903e-02 1.343940e+00
3.886734e-02 1.338863e+00
3.891571e-02 1.333775e+00
3.896414e-02 1.328678e+00
3.901262e-02 1.323572e+00
3.906117e-02 1.318456e+00
3.910978e-02 1.313330e+00
3.915845e-02 1.308196e+00
3.920718e-02 1.303052e+00
3.925597e-02 1.297900e+00
3.930482e-02 1.292738e+00
3.935373e-02 1.287568e+00
3.940271e-02 1.282389e+00
3.945174e-02 1.277201e+00
3.950083e-02 1.272006e+00
3.954999e-02 1.266802e+00
3.959921e-02 1.261589e+00
3.964848e-02 1.256370e+00
3.969782e-02 1.251141e+00
3.974722e-02 1.245906e+00
3.979669e-02 1.240663e+00
3.984621e-02 1.235412e+00
3.989580e-02 1.230154e+00
3.994544e-02 1.224889e+00
3.999515e-02 1.219617e+00
4.004492e-02 1.214338e+00
4.009476e-02 1.209052e+00
4.014465e-02 1.203760e+00
4.019461e-02 1.198462e+00
4.024463e-02 1.193157e+00
4.029471e-02 1.187846e+00
4.034485e-02 1.182529e+00
4.039506e-02 1.177206e+00
4.044533e-02 1.171878e+00
4.049566e-02 1.166544e+00
4.054605e-02 1.161205e+00
4.059651e-02 1.155861e+00
4.064703e-02 1.150512e+00
4.069761e-02 1.145158e+00
4.074825e-02 1.139800e+00
4.079896e-02 1.134436e+00
4.084973e-02 1.129069e+00
4.090057e-02 1.123698e+00
4.095147e-02 1.118322e+00
4.100243e-02 1.112943e+00
4.105345e-02 1.107560e+00
4.110454e-02 1.102174e+00
4.115569e-02 1.096785e+00
4.120690e-02 1.091393e+00
4.125818e-02 1.085997e+00
4.130953e-02 1.080600e+00
4.136093e-02 1.075199e+00
4.141240e-02 1.069796e+00
4.146394e-02 1.064391e+00
4.151554e-02 1.058984e+00
4.156720e-02 1.053576e+00
4.161893e-02 1.048166e+00
4.167072e-02 1.042754e+00
4.172257e-02 1.037342e+00
4.177449e-02 1.031928e+00
4.182648e-02 1.026513e+00
4.187853e-02 1.021098e+00
4.193064e-02 1.015683e+00
4.198282e-02 1.010267e+00
4.203507e-02 1.004852e+00
4.208738e-02 9.994363e-01
4.213975e-02 9.940215e-01
4.219219e-02 9.886071e-01
4.224470e-02 9.831936e-01
4.229727e-02 9.777808e-01
4.234990e-02 9.723696e-01
4.240260e-02 9.669597e-01
4.245537e-02 9.615516e-01
4.250820e-02 9.561452e-01
4.256110e-02 9.507407e-01
4.261406e-02 9.453382e-01
4.266709e-02 9.399386e-01
4.272019e-02 9.345417e-01
4.277335e-02 9.291476e-01
4.282658e-02 9.237567e-01
4.287987e-02 9.183687e-01
4.293323e-02 9.129846e-01
4.298666e-02 9.076040e-01
4.304016e-02 9.022272e-01
4.309372e-02 8.968549e-01
4.314734e-02 8.914869e-01
4.320104e-02 8.861231e-01
4.325480e-02 8.807644e-01
4.330862e-02 8.754107e-01
4.336252e-02 8.700622e-01
4.341648e-02 8.647191e-01
4.347051e-02 8.593817e-01
4.352460e-02 8.540497e-01
4.357877e-02 8.487243e-01
4.363300e-02 8.434051e-01
4.368729e-02 8.380921e-01
4.374166e-02 8.327863e-01
4.379609e-02 8.274871e-01
4.385059e-02 8.221951e-01
4.390516e-02 8.169105e-01
4.395980e-02 8.116332e-01
4.401450e-02 8.063641e-01
4.406928e-02 8.011028e-01
4.412412e-02 7.958498e-01
4.417903e-02 7.906050e-01
4.423400e-02 7.853690e-01
4.428905e-02 7.801420e-01
4.434416e-02 7.749237e-01
4.439935e-02 7.697150e-01
4.445460e-02 7.645159e-01
4.450992e-02 7.593263e-01
4.456531e-02 7.541469e-01
4.462076e-02 7.489773e-01
4.467629e-02 7.438180e-01
4.473189e-02 7.386694e-01
4.478755e-02 7.335317e-01
4.484329e-02 7.284050e-01
4.489909e-02 7.232892e-01
4.495497e-02 7.181847e-01
4.501091e-02 7.130921e-01
4.506692e-02 7.080115e-01
4.512300e-02 7.029425e-01
4.517915e-02 6.978860e-01
4.523538e-02 6.928418e-01
4.529167e-02 6.878102e-01
4.534803e-02 6.827917e-01
4.540446e-02 6.777858e-01
4.546097e-02 6.727934e-01
4.551754e-02 6.678145e-01
4.557418e-02 6.628492e-01
4.563089e-02 6.578977e-01
4.568768e-02 6.529603e-01
4.574453e-02 6.480370e-01
4.580146e-02 6.431284e-01
4.585846e-02 6.382342e-01
4.591552e-02 6.333549e-01
4.597266e-02 6.284906e-01
4.602987e-02 6.236415e-01
4.608715e-02 6.188078e-01
4.614450e-02 6.139894e-01
4.620193e-02 6.091872e-01
4.625942e-02 6.044007e-01
4.631699e-02 5.996307e-01
4.637462e-02 5.948768e-01
4.643233e-02 5.901391e-01
4.649012e-02 5.854186e-01
4.654797e-02 5.807147e-01
4.660589e-02 5.760280e-01
4.666389e-02 5.713582e-01
4.672196e-02 5.667060e-01
4.678010e-02 5.620715e-01
4.683832e-02 5.574546e-01
4.689660e-02 5.528556e-01
4.695496e-02 5.482747e-01
4.701339e-02 5.437121e-01
4.707190e-02 5.391678e-01
4.713048e-02 5.346423e-01
4.718913e-02 5.301353e-01
4.724785e-02 5.256474e-01
4.730665e-02 5.211785e-01
4.736552e-02 5.167287e-01
4.742446e-02 5.122984e-01
4.748347e-02 5.078876e-01
4.754256e-02 5.034964e-01
4.760173e-02 4.991252e-01
4.766096e-02 4.947739e-01
4.772027e-02 4.904427e-01
4.777966e-02 4.861317e-01
4.783912e-02 4.818411e-01
4.789865e-02 4.775712e-01
4.795825e-02 4.733218e-01
4.801793e-02 4.690934e-01
4.807769e-02 4.648858e-01
4.813752e-02 4.606992e-01
4.819742e-02 4.565340e-01
4.825740e-02 4.523901e-01
4.831745e-02 4.482677e-01
4.837758e-02 4.441667e-01
4.843778e-02 4.400876e-01
4.849806e-02 4.360304e-01
4.855841e-02 4.319949e-01
4.861884e-02 4.279816e-01
4.867934e-02 4.239904e-01
4.873992e-02 4.200217e-01
4.880057e-02 4.160753e-01
4.886130e-02 4.121513e-01
4.892210e-02 4.082499e-01
4.898298e-02 4.043713e-01
4.904394e-02 4.005154e-01
4.910497e-02 3.966824e-01
4.916608e-02 3.928725e-01
4.922726e-02 3.890856e-01
4.928852e-02 3.853220e-01
4.934986e-02 3.815814e-01
4.941127e-02 3.778644e-01
4.947276e-02 3.741707e-01
4.953432e-02 3.705006e-01
4.959596e-02 3.668540e-01
4.965768e-02 3.632312e-01
4.971948e-02 3.596321e-01
4.978135e-02 3.560567e-01
4.984330e-02 3.525053e-01
4.990532e-02 3.489778e-01
4.996743e-02 3.454742e-01
5.002961e-02 3.419949e-01
5.009187e-02 3.385395e-01
5.015420e-02 3.351085e-01
5.021661e-02 3.317016e-01
5.027910e-02 3.283192e-01
5.034167e-02 3.249609e-01
5.040432e-02 3.216272e-01
5.046704e-02 3.183177e-01
5.052985e-02 3.150329e-01
5.059273e-02 3.117726e-01
5.065568e-02 3.085367e-01
5.071872e-02 3.053256e-01
5.078184e-02 3.021389e-01
5.084503e-02 2.989771e-01
5.090830e-02 2.958398e-01
5.097166e-02 2.927273e-01
5.103509e-02 2.896397e-01
5.109859e-02 2.865766e-01
5.116218e-02 2.835384e-01
5.122585e-02 2.805250e-01
5.128960e-02 2.775364e-01
5.135342e-02 2.745726e-01
5.141733e-02 2.716336e-01
5.148131e-02 2.687195e-01
5.154538e-02 2.658302e-01
5.160952e-02 2.629659e-01
5.167375e-02 2.601264e-01
5.173805e-02 2.573116e-01
5.180243e-02 2.545217e-01
5.186690e-02 2.517568e-01
5.193144e-02 2.490166e-01
5.199607e-02 2.463011e-01
5.206077e-02 2.436106e-01
5.212556e-02 2.409448e-01
5.219042e-02 2.383039e-01
5.225537e-02 2.356877e-01
5.232040e-02 2.330962e-01
5.238551e-02 2.305295e-01
5.245070e-02 2.279873e-01
5.251597e-02 2.254700e-01
5.258132e-02 2.229773e-01
5.264675e-02 2.205091e-01
5.271227e-02 2.180655e-01
5.277786e-02 2.156465e-01
5.284354e-02 2.132520e-01
5.290930e-02 2.108819e-01
5.297514e-02 2.085362e-01
5.304107e-02 2.062149e-01
5.310707e-02 2.039180e-01
5.317316e-02 2.016454e-01
5.323933e-02 1.993969e-01
5.330558e-02 1.971727e-01
5.337192e-02 1.949726e-01
5.343833e-02 1.927967e-01
5.350483e-02 1.906447e-01
5.357142e-02 1.885168e-01
5.363808e-02 1.864126e-01
5.370483e-02 1.843325e-01
5.377166e-02 1.822761e-01
5.383858e-02 1.802433e-01
5.390557e-02 1.782344e-01
5.397265e-02 1.762489e-01
5.403982e-02 1.742870e-01
5.410707e-02 1.723487e-01
5.417440e-02 1.704336e-01
5.424182e-02 1.685419e-01
5.430932e-02 1.666735e-01
5.437690e-02 1.648282e-01
5.444457e-02 1.630061e-01
5.451232e-02 1.612070e-01
5.458016e-02 1.594307e-01
5.464808e-02 1.576774e-01
5.471608e-02 1.559469e-01
5.478417e-02 1.542390e-01
5.485235e-02 1.525538e-01
5.492061e-02 1.508911e-01
5.498895e-02 1.492509e-01
5.505738e-02 1.476330e-01
5.512589e-02 1.460374e-01
5.519449e-02 1.444640e-01
5.526318e-02 1.429127e-01
5.533195e-02 1.413834e-01
5.540081e-02 1.398760e-01
5.546975e-02 1.383905e-01
5.553878e-02 1.369267e-01
5.560789e-02 1.354845e-01
5.567709e-02 1.340639e-01
5.574637e-02 1.326648e-01
5.581575e-02 1.312870e-01
5.588521e-02 1.299305e-01
5.595475e-02 1.285951e-01
5.602438e-02 1.272809e-01
5.609410e-02 1.259876e-01
5.616390e-02 1.247151e-01
5.623380e-02 1.234634e-01
5.630377e-02 1.222325e-01
5.637384e-02 1.210221e-01
5.644399e-02 1.198322e-01
5.651423e-02 1.186627e-01
5.658456e-02 1.175135e-01
5.665498e-02 1.163845e-01
5.672548e-02 1.152755e-01
5.679607e-02 1.141865e-01
5.686675e-02 1.131175e-01
5.693751e-02 1.120681e-01
5.700837e-02 1.110385e-01
5.707931e-02 1.100285e-01
5.715034e-02 1.090379e-01
5.722146e-02 1.080667e-01
5.729267e-02 1.071148e-01
5.736396e-02 1.061820e-01
5.743535e-02 1.052684e-01
5.750682e-02 1.043737e-01
5.757839e-02 1.034979e-01
5.765004e-02 1.026409e-01
5.772178e-02 1.018026e-01
5.779361e-02 1.009828e-01
5.786553e-02 1.001815e-01
5.793754e-02 9.939860e-02
5.800964e-02 9.863396e-02
5.808182e-02 9.788750e-02
5.815410e-02 9.715912e-02
5.822647e-02 9.644874e-02
5.829893e-02 9.575621e-02
5.837148e-02 9.508150e-02
5.844412e-02 9.442449e-02
5.851685e-02 9.378507e-02
5.858967e-02 9.316317e-02
5.866258e-02 9.255865e-02
5.873558e-02 9.197144e-02
5.880867e-02 9.140148e-02
5.888185e-02 9.084860e-02
5.895512e-02 9.031280e-02
5.902849e-02 8.979392e-02
5.910195e-02 8.929189e-02
5.917549e-02 8.880665e-02
5.924913e-02 8.833804e-02
5.932286e-02 8.788604e-02
5.939669e-02 8.745051e-02
5.947060e-02 8.703141e-02
5.954461e-02 8.662862e-02
5.961871e-02 8.624206e-02
5.969290e-02 8.587164e-02
5.976718e-02 8.551730e-02
5.984156e-02 8.517892e-02
5.991602e-02 8.485645e-02
5.999059e-02 8.454981e-02
6.006524e-02 8.425887e-02
6.013999e-02 8.398358e-02
6.021482e-02 8.372387e-02
6.028976e-02 8.347966e-02
6.036478e-02 8.325087e-02
6.043990e-02 8.303741e-02
6.051512e-02 8.283919e-02
6.059042e-02 8.265617e-02
6.066582e-02 8.248828e-02
6.074132e-02 8.233539e-02
6.081690e-02 8.219750e-02
6.089259e-02 8.207449e-02
6.096836e-02 8.196629e-02
6.104423e-02 8.187285e-02
6.112020e-02 8.179410e-02
6.119626e-02 8.172993e-02
6.127241e-02 8.168034e-02
6.134866e-02 8.164522e-02
6.142500e-02 8.162449e-02
6.150144e-02 8.161812e-02
6.157797e-02 8.162602e-02
6.165460e-02 8.164814e-02
6.173133e-02 8.168443e-02
6.180815e-02 8.173478e-02
6.188506e-02 8.179920e-02
6.196207e-02 8.187757e-02
6.203918e-02 8.196986e-02
6.211638e-02 8.207597e-02
6.219368e-02 8.219587e-02
6.227108e-02 8.232953e-02
6.234857e-02 8.247686e-02
6.242616e-02 8.263780e-02
6.250384e-02 8.281233e-02
6.258162e-02 8.300031e-02
6.265950e-02 8.320179e-02
6.273748e-02 8.341667e-02
6.281555e-02 8.364483e-02
6.289372e-02 8.388636e-02
6.297198e-02 8.414110e-02
6.305035e-02 8.440899e-02
6.312881e-02 8.469006e-02
6.320737e-02 8.498420e-02
6.328602e-02 8.529134e-02
6.336478e-02 8.561154e-02
6.344363e-02 8.594458e-02
6.352258e-02 8.629055e-02
6.360163e-02 8.664931e-02
6.368078e-02 8.702087e-02
6.376002e-02 8.740520e-02
6.383937e-02 8.780214e-02
6.391881e-02 8.821175e-02
6.399835e-02 8.863394e-02
6.407799e-02 8.906862e-02
6.415773e-02 8.951579e-02
6.423757e-02 8.997543e-02
6.431751e-02 9.044744e-02
6.439755e-02 9.093180e-02
6.447769e-02 9.142845e-02
6.455793e-02 9.193727e-02
6.463826e-02 9.245835e-02
6.471870e-02 9.299152e-02
6.479924e-02 9.353674e-02
6.487987e-02 9.409404e-02
6.496061e-02 9.466336e-02
6.504145e-02 9.524459e-02
6.512239e-02 9.583763e-02
6.520343e-02 9.644255e-02
6.528457e-02 9.705927e-02
6.536581e-02 9.768765e-02
6.544715e-02 9.832769e-02
6.552860e-02 9.897940e-02
6.561014e-02 9.964258e-02
6.569179e-02 1.003174e-01
6.577354e-02 1.010035e-01
6.585539e-02 1.017011e-01
6.593734e-02 1.024099e-01
6.601939e-02 1.031300e-01
6.610155e-02 1.038613e-01
6.618381e-02 1.046037e-01
6.626617e-02 1.053573e-01
6.634863e-02 1.061218e-01
6.643120e-02 1.068973e-01
6.651387e-02 1.076836e-01
6.659664e-02 1.084808e-01
6.667951e-02 1.092887e-01
6.676249e-02 1.101073e-01
6.684557e-02 1.109365e-01
6.692875e-02 1.117761e-01
6.701204e-02 1.126263e-01
6.709543e-02 1.134868e-01
6.717893e-02 1.143575e-01
6.726253e-02 1.152386e-01
6.734623e-02 1.161297e-01
6.743004e-02 1.170308e-01
6.751395e-02 1.179420e-01
6.759796e-02 1.188630e-01
6.768209e-02 1.197938e-01
6.776631e-02 1.207343e-01
6.785064e-02 1.216844e-01
6.793508e-02 1.226440e-01
6.801962e-02 1.236130e-01
6.810426e-02 1.245914e-01
6.818901e-02 1.255789e-01
6.827387e-02 1.265756e-01
6.835883e-02 1.275813e-01
6.844390e-02 1.285958e-01
6.852907e-02 1.296192e-01
6.861435e-02 1.306513e-01
6.869973e-02 1.316919e-01
6.878522e-02 1.327409e-01
6.887082e-02 1.337984e-01
6.895653e-02 1.348640e-01
6.904234e-02 1.359378e-01
6.912826e-02 1.370194e-01
6.921428e-02 1.381089e-01
6.930041e-02 1.392062e-01
6.938665e-02 1.403111e-01
6.947300e-02 1.414233e-01
6.955945e-02 1.425428e-01
6.964601e-02 1.436696e-01
6.973268e-02 1.448034e-01
6.981946e-02 1.459440e-01
6.990634e-02 1.470914e-01
6.999334e-02 1.482453e-01
7.008044e-02 1.494058e-01
7.016765e-02 1.505725e-01
7.025496e-02 1.517453e-01
7.034239e-02 1.529241e-01
7.042993e-02 1.541087e-01
7.051757e-02 1.552988e-01
7.060533e-02 1.564944e-01
7.069319e-02 1.576954e-01
7.078116e-02 1.589016e-01
7.086924e-02 1.601126e-01
7.095743e-02 1.613283e-01
7.104573e-02 1.625487e-01
7.113415e-02 1.637735e-01
7.122267e-02 1.650025e-01
7.131130e-02 1.662355e-01
7.140004e-02 1.674724e-01
7.148889e-02 1.687129e-01
7.157785e-02 1.699570e-01
7.166693e-02 1.712041e-01
7.175611e-02 1.724544e-01
7.184540e-02 1.737075e-01
7.193481e-02 1.749633e-01
7.202433e-02 1.762215e-01
7.211396e-02 1.774818e-01
7.220370e-02 1.787443e-01
7.229355e-02 1.800085e-01
7.238351e-02 1.812743e-01
7.247359e-02 1.825414e-01
7.256378e-02 1.838097e-01
7.265408e-02 1.850789e-01
7.274449e-02 1.863487e-01
7.283501e-02 1.876191e-01
7.292565e-02 1.888896e-01
7.301640e-02 1.901601e-01
7.310726e-02 1.914305e-01
7.319824e-02 1.927002e-01
7.328933e-02 1.939694e-01
7.338053e-02 1.952375e-01
7.347185e-02 1.965046e-01
7.356328e-02 1.977700e-01
7.365482e-02 1.990339e-01
7.374648e-02 2.002957e-01
7.383825e-02 2.015554e-01
7.393014e-02 2.028128e-01
7.402214e-02 2.040674e-01
7.411425e-02 2.053191e-01
7.420648e-02 2.065675e-01
7.429883e-02 2.078127e-01
7.439129e-02 2.090540e-01
7.448386e-02 2.102914e-01
7.457655e-02 2.115247e-01
7.466935e-02 2.127534e-01
7.476227e-02 2.139775e-01
7.485531e-02 2.151965e-01
7.494846e-02 2.164103e-01
7.504173e-02 2.176186e-01
7.513511e-02 2.188211e-01
7.522861e-02 2.200177e-01
7.532223e-02 2.212079e-01
7.541596e-02 2.223916e-01
7.550981e-02 2.235685e-01
7.560378e-02 2.247383e-01
7.569786e-02 2.259008e-01
7.579206e-02 2.270557e-01
7.588638e-02 2.282027e-01
7.598081e-02 2.293417e-01
7.607536e-02 2.304722e-01
7.617003e-02 2.315942e-01
7.626482e-02 2.327072e-01
7.635973e-02 2.338111e-01
7.645475e-02 2.349056e-01
7.654989e-02 2.359904e-01
7.664515e-02 2.370652e-01
7.674053e-02 2.381300e-01
7.683603e-02 2.391843e-01
7.693165e-02 2.402280e-01
7.702738e-02 2.412607e-01
7.712324e-02 2.422822e-01
7.721921e-02 2.432924e-01
7.731530e-02 2.442908e-01
7.741152e-02 2.452774e-01
7.750785e-02 2.462518e-01
7.760430e-02 2.472139e-01
7.770087e-02 2.481634e-01
7.779757e-02 2.490999e-01
7.789438e-02 2.500235e-01
7.799131e-02 2.509337e-01
7.808837e-02 2.518303e-01
7.818554e-02 2.527132e-01
7.828284e-02 2.535822e-01
7.838025e-02 2.544369e-01
7.847779e-02 2.552773e-01
7.857545e-02 2.561030e-01
7.867323e-02 2.569139e-01
7.877114e-02 2.577098e-01
7.886916e-02 2.584904e-01
7.896731e-02 2.592557e-01
7.906558e-02 2.600053e-01
7.916397e-02 2.607391e-01
7.926248e-02 2.614570e-01
7.936112e-02 2.621586e-01
7.945987e-02 2.628439e-01
7.955876e-02 2.635126e-01
7.965776e-02 2.641648e-01
7.975689e-02 2.647999e-01
7.985614e-02 2.654182e-01
7.995551e-02 2.660192e-01
8.005501e-02 2.666030e-01
8.015463e-02 2.671692e-01
8.025438e-02 2.677179e-01
8.035425e-02 2.682488e-01
8.045425e-02 2.687618e-01
8.055436e-02 2.692569e-01
8.065461e-02 2.697337e-01
8.075498e-02 2.701924e-01
8.085547e-02 2.706327e-01
8.095609e-02 2.710545e-01
8.105683e-02 2.714578e-01
8.115770e-02 2.718424e-01
8.125870e-02 2.722083e-01
8.135982e-02 2.725553e-01
8.146106e-02 2.728835e-01
8.156243e-02 2.731926e-01
8.166393e-02 2.734827e-01
8.176556e-02 2.737537e-01
8.186731e-02 2.740056e-01
8.196918e-02 2.742382e-01
8.207119e-02 2.744515e-01
8.217332e-02 2.746456e-01
8.227558e-02 2.748203e-01
8.237796e-02 2.749756e-01
8.248048e-02 2.751116e-01
8.258312e-02 2.752282e-01
8.268589e-02 2.753254e-01
8.278878e-02 2.754032e-01
8.289181e-02 2.754615e-01
8.299496e-02 2.755005e-01
8.309824e-02 2.755200e-01
8.320165e-02 2.755203e-01
8.330519e-02 2.755011e-01
8.340885e-02 2.754628e-01
8.351265e-02 2.754050e-01
8.361657e-02 2.753282e-01
8.372063e-02 2.752321e-01
8.382481e-02 2.751169e-01
8.392913e-02 2.749827e-01
8.403357e-02 2.748295e-01
8.413814e-02 2.746574e-01
8.424284e-02 2.744665e-01
8.434768e-02 2.742568e-01
8.445264e-02 2.740285e-01
8.455774e-02 2.737816e-01
8.466296e-02 2.735162e-01
8.476832e-02 2.732326e-01
8.487381e-02 2.729307e-01
8.497943e-02 2.726107e-01
8.508518e-02 2.722727e-01
8.519106e-02 2.719168e-01
8.529707e-02 2.715433e-01
8.540322e-02 2.711521e-01
8.550949e-02 2.707436e-01
8.561590e-02 2.703177e-01
8.572245e-02 2.698747e-01
8.582912e-02 2.694148e-01
8.593593e-02 2.689380e-01
8.604287e-02 2.684447e-01
8.614994e-02 2.679348e-01
8.625715e-02 2.674087e-01
8.636449e-02 2.668665e-01
8.647196e-02 2.663083e-01
8.657957e-02 2.657346e-01
8.668731e-02 2.651452e-01
8.679519e-02 2.645405e-01
8.690320e-02 2.639207e-01
8.701134e-02 2.632860e-01
8.711962e-02 2.626366e-01
8.722804e-02 2.619727e-01
8.733658e-02 2.612946e-01
8.744527e-02 2.606024e-01
8.755409e-02 2.598963e-01
8.766304e-02 2.591768e-01
8.777213e-02 2.584438e-01
8.788136e-02 2.576977e-01
8.799072e-02 2.569387e-01
8.810022e-02 2.561669e-01
8.820985e-02 2.553829e-01
8.831962e-02 2.545866e-01
8.842953e-02 2.537784e-01
8.853957e-02 2.529585e-01
8.864975e-02 2.521272e-01
8.876007e-02 2.512847e-01
8.887052e-02 2.504312e-01
8.898112e-02 2.495671e-01
8.909185e-02 2.486925e-01
8.920271e-02 2.478077e-01
8.931372e-02 2.469130e-01
8.942486e-02 2.460087e-01
8.953615e-02 2.450949e-01
8.964757e-02 2.441720e-01
8.975913e-02 2.432401e-01
8.987082e-02 2.422997e-01
8.998266e-02 2.413508e-01
9.009464e-02 2.403938e-01
9.020675e-02 2.394289e-01
9.031901e-02 2.384564e-01
9.043140e-02 2.374765e-01
9.054394e-02 2.364895e-01
9.065661e-02 2.354957e-01
9.076943e-02 2.344953e-01
9.088238e-02 2.334885e-01
9.099548e-02 2.324755e-01
9.110872e-02 2.314568e-01
9.122209e-02 2.304324e-01
9.133561e-02 2.294026e-01
9.144927e-02 2.283678e-01
9.156308e-02 2.273280e-01
9.167702e-02 2.262836e-01
9.179110e-02 2.252348e-01
9.190533e-02 2.241818e-01
9.201970e-02 2.231249e-01
9.213421e-02 2.220643e-01
9.224886e-02 2.210001e-01
9.236366e-02 2.199326e-01
9.247860e-02 2.188622e-01
9.259368e-02 2.177889e-01
9.270891e-02 2.167130e-01
9.282428e-02 2.156346e-01
9.293979e-02 2.145542e-01
9.305545e-02 2.134715e-01
9.317125e-02 2.123873e-01
9.328719e-02 2.113013e-01
9.340328e-02 2.102140e-01
9.351951e-02 2.091254e-01
9.363589e-02 2.080358e-01
9.375241e-02 2.069452e-01
9.386908e-02 2.058540e-01
9.398589e-02 2.047624e-01
9.410285e-02 2.036703e-01
9.421995e-02 2.025781e-01
9.433720e-02 2.014859e-01
9.445460e-02 2.003937e-01
9.457214e-02 1.993018e-01
9.468983e-02 1.982104e-01
9.480766e-02 1.971196e-01
9.492564e-02 1.960294e-01
9.504377e-02 1.949401e-01
9.516205e-02 1.938517e-01
9.528047e-02 1.927644e-01
9.539904e-02 1.916784e-01
9.551775e-02 1.905936e-01
9.563662e-02 1.895103e-01
9.575563e-02 1.884285e-01
9.587479e-02 1.873483e-01
9.599410e-02 1.862698e-01
9.611356e-02 1.851932e-01
9.623316e-02 1.841185e-01
9.635292e-02 1.830457e-01
9.647282e-02 1.819751e-01
9.659287e-02 1.809066e-01
9.671308e-02 1.798403e-01
9.683343e-02 1.787762e-01
9.695393e-02 1.777145e-01
9.707458e-02 1.766551e-01
9.719538e-02 1.755983e-01
9.731633e-02 1.745439e-01
9.743744e-02 1.734920e-01
9.755869e-02 1.724427e-01
9.768009e-02 1.713960e-01
9.780165e-02 1.703520e-01
9.792336e-02 1.693106e-01
9.804521e-02 1.682719e-01
9.816722e-02 1.672360e-01
9.828939e-02 1.662028e-01
9.841170e-02 1.651723e-01
9.853416e-02 1.641446e-01
9.865678e-02 1.631197e-01
9.877955e-02 1.620976e-01
9.890248e-02 1.610782e-01
9.902555e-02 1.600616e-01
9.914878e-02 1.590479e-01
9.927217e-02 1.580369e-01
9.939570e-02 1.570287e-01
9.951939e-02 1.560232e-01
9.964324e-02 1.550205e-01
9.976723e-02 1.540205e-01
9.989139e-02 1.530233e-01
1.000157e-01 1.520288e-01
1.001402e-01 1.510369e-01
1.002648e-01 1.500477e-01
1.003895e-01 1.490612e-01
1.005145e-01 1.480774e-01
1.006396e-01 1.470961e-01
1.007648e-01 1.461175e-01
1.008902e-01 1.451414e-01
1.010157e-01 1.441678e-01
1.011414e-01 1.431967e-01
1.012673e-01 1.422281e-01
1.013933e-01 1.412620e-01
1.015195e-01 1.402983e-01
1.016458e-01 1.393371e-01
1.017723e-01 1.383782e-01
1.018990e-01 1.374218e-01
1.020258e-01 1.364676e-01
1.021527e-01 1.355158e-01
1.022799e-01 1.345663e-01
1.024071e-01 1.336191e-01
1.025346e-01 1.326741e-01
1.026622e-01 1.317314e-01
1.027899e-01 1.307909e-01
1.029178e-01 1.298527e-01
1.030459e-01 1.289166e-01
1.031741e-01 1.279827e-01
1.033025e-01 1.270511e-01
1.034311e-01 1.261216e-01
1.035598e-01 1.251942e-01
1.036887e-01 1.242691e-01
1.038177e-01 1.233462e-01
1.039469e-01 1.224254e-01
1.040763e-01 1.215068e-01
1.042058e-01 1.205904e-01
1.043354e-01 1.196762e-01
1.044653e-01 1.187642e-01
1.045953e-01 1.178545e-01
1.047254e-01 1.169470e-01
1.048558e-01 1.160418e-01
1.049863e-01 1.151390e-01
1.051169e-01 1.142384e-01
1.052477e-01 1.133403e-01
1.053787e-01 1.124445e-01
1.055098e-01 1.115512e-01
1.056411e-01 1.106605e-01
1.057726e-01 1.097723e-01
1.059042e-01 1.088867e-01
1.060360e-01 1.080037e-01
1.061679e-01 1.071235e-01
1.063001e-01 1.062459e-01
1.064323e-01 1.053713e-01
1.065648e-01 1.044996e-01
1.066974e-01 1.036309e-01
1.068302e-01 1.027653e-01
1.069631e-01 1.019028e-01
1.070962e-01 1.010435e-01
1.072295e-01 1.001876e-01
1.073629e-01 9.933503e-02
1.074965e-01 9.848601e-02
1.076303e-01 9.764058e-02
1.077643e-01 9.679892e-02
1.078984e-01 9.596101e-02
1.080326e-01 9.512708e-02
1.081671e-01 9.429717e-02
1.083017e-01 9.347140e-02
1.084364e-01 9.264990e-02
1.085714e-01 9.183285e-02
1.087065e-01 9.102026e-02
1.088418e-01 9.021238e-02
1.089772e-01 8.940919e-02
1.091128e-01 8.861099e-02
1.092486e-01 8.781777e-02
1.093846e-01 8.702977e-02
1.095207e-01 8.624706e-02
1.096570e-01 8.546986e-02
1.097934e-01 8.469825e-02
1.099301e-01 8.393232e-02
1.100669e-01 8.317239e-02
1.102038e-01 8.241845e-02
1.103410e-01 8.167069e-02
1.104783e-01 8.092933e-02
1.106158e-01 8.019441e-02
1.107534e-01 7.946617e-02
1.108912e-01 7.874472e-02
1.110292e-01 7.803025e-02
1.111674e-01 7.732286e-02
1.113057e-01 7.662277e-02
1.114443e-01 7.593008e-02
1.115829e-01 7.524496e-02
1.117218e-01 7.456758e-02
1.118608e-01 7.389810e-02
1.120000e-01 7.323664e-02
1.121394e-01 7.258336e-02
1.122790e-01 7.193841e-02
1.124187e-01 7.130197e-02
1.125586e-01 7.067414e-02
1.126986e-01 7.005514e-02
1.128389e-01 6.944502e-02
1.129793e-01 6.884396e-02
1.131199e-01 6.825214e-02
1.132607e-01 6.766967e-02
1.134016e-01 6.709664e-02
1.135427e-01 6.653329e-02
1.136840e-01 6.597962e-02
1.138255e-01 6.543584e-02
1.139671e-01 6.490208e-02
1.141090e-01 6.437844e-02
1.142510e-01 6.386499e-02
1.143931e-01 6.336190e-02
1.145355e-01 6.286928e-02
1.146780e-01 6.238721e-02
1.148207e-01 6.191579e-02
1.149636e-01 6.145512e-02
1.151067e-01 6.100530e-02
1.152499e-01 6.056643e-02
1.153933e-01 6.013862e-02
1.155369e-01 5.972179e-02
1.156807e-01 5.931618e-02
1.158247e-01 5.892180e-02
1.159688e-01 5.853873e-02
1.161131e-01 5.816700e-02
1.162576e-01 5.780668e-02
1.164023e-01 5.745780e-02
1.165471e-01 5.712041e-02
1.166922e-01 5.679455e-02
1.168374e-01 5.648025e-02
1.169828e-01 5.617751e-02
1.171284e-01 5.588637e-02
1.172741e-01 5.560684e-02
1.174201e-01 5.533890e-02
1.175662e-01 5.508260e-02
1.177125e-01 5.483789e-02
1.178590e-01 5.460477e-02
1.180056e-01 5.438321e-02
1.181525e-01 5.417323e-02
1.182995e-01 5.397473e-02
1.184467e-01 5.378774e-02
1.185941e-01 5.361218e-02
1.187417e-01 5.344801e-02
1.188895e-01 5.329517e-02
1.190374e-01 5.315362e-02
1.191856e-01 5.302328e-02
1.193339e-01 5.290406e-02
1.194824e-01 5.279592e-02
1.196311e-01 5.269876e-02
1.197799e-01 5.261249e-02
1.199290e-01 5.253702e-02
1.200782e-01 5.247225e-02
1.202277e-01 5.241807e-02
1.203773e-01 5.237438e-02
1.205271e-01 5.234107e-02
1.206771e-01 5.231801e-02
1.208272e-01 5.230508e-02
1.209776e-01 5.230216e-02
1.211281e-01 5.230910e-02
1.212789e-01 5.232578e-02
1.214298e-01 5.235206e-02
1.215809e-01 5.238779e-02
1.217322e-01 5.243281e-02
1.218837e-01 5.248700e-02
1.220354e-01 5.255018e-02
1.221872e-01 5.262220e-02
1.223393e-01 5.270289e-02
1.224915e-01 5.279210e-02
1.226440e-01 5.288965e-02
1.227966e-01 5.299539e-02
1.229494e-01 5.310913e-02
1.231024e-01 5.323071e-02
1.232556e-01 5.335994e-02
1.234090e-01 5.349667e-02
1.235625e-01 5.364069e-02
1.237163e-01 5.379184e-02
1.238702e-01 5.394993e-02
1.240244e-01 5.411481e-02
1.241787e-01 5.428625e-02
1.243333e-01 5.446409e-02
1.244880e-01 5.464816e-02
1.246429e-01 5.483826e-02
1.247980e-01 5.503423e-02
1.249533e-01 5.523587e-02
1.251088e-01 5.544301e-02
1.252645e-01 5.565546e-02
1.254204e-01 5.587305e-02
1.255765e-01 5.609559e-02
1.257327e-01 5.632292e-02
1.258892e-01 5.655486e-02
1.260458e-01 5.679125e-02
1.262027e-01 5.703188e-02
1.263598e-01 5.727661e-02
1.265170e-01 5.752529e-02
1.266744e-01 5.777774e-02
1.268321e-01 5.803375e-02
1.269899e-01 5.829325e-02
1.271479e-01 5.855601e-02
1.273062e-01 5.882194e-02
1.274646e-01 5.909082e-02
1.276232e-01 5.936256e-02
1.277820e-01 5.963699e-02
1.279410e-01 5.991396e-02
1.281002e-01 6.019338e-02
1.282597e-01 6.047506e-02
1.284193e-01 6.075889e-02
1.285791e-01 6.104478e-02
1.287391e-01 6.133256e-02
1.288993e-01 6.162210e-02
1.290597e-01 6.191331e-02
1.292203e-01 6.220610e-02
1.293811e-01 6.250034e-02
1.295421e-01 6.279593e-02
1.297033e-01 6.309274e-02
1.298647e-01 6.339073e-02
1.300263e-01 6.368975e-02
1.301881e-01 6.398975e-02
1.303501e-01 6.429062e-02
1.305124e-01 6.459230e-02
1.306748e-01 6.489469e-02
1.308374e-01 6.519773e-02
1.310002e-01 6.550134e-02
1.311632e-01 6.580546e-02
1.313264e-01 6.611002e-02
1.314899e-01 6.641495e-02
1.316535e-01 6.672021e-02
1.318173e-01 6.702574e-02
1.319814e-01 6.733144e-02
1.321456e-01 6.763733e-02
1.323100e-01 6.794332e-02
1.324747e-01 6.824936e-02
1.326395e-01 6.855542e-02
1.328046e-01 6.886145e-02
1.329699e-01 6.916743e-02
1.331353e-01 6.947330e-02
1.333010e-01 6.977901e-02
1.334669e-01 7.008454e-02
1.336330e-01 7.038986e-02
1.337993e-01 7.069493e-02
1.339658e-01 7.099973e-02
1.341325e-01 7.130419e-02
1.342994e-01 7.160829e-02
1.344665e-01 7.191204e-02
1.346339e-01 7.221536e-02
1.348014e-01 7.251819e-02
1.349692e-01 7.282059e-02
1.351371e-01 7.312243e-02
1.353053e-01 7.342374e-02
1.354737e-01 7.372443e-02
1.356423e-01 7.402452e-02
1.358111e-01 7.432394e-02
1.359801e-01 7.462261e-02
1.361493e-01 7.492055e-02
1.363187e-01 7.521770e-02
1.364883e-01 7.551401e-02
1.366582e-01 7.580940e-02
1.368283e-01 7.610386e-02
1.369985e-01 7.639729e-02
1.371690e-01 7.668968e-02
1.373397e-01 7.698097e-02
1.375106e-01 7.727104e-02
1.376817e-01 7.755987e-02
1.378531e-01 7.784738e-02
1.380246e-01 7.813347e-02
1.381964e-01 7.841812e-02
1.383684e-01 7.870120e-02
1.385405e-01 7.898262e-02
1.387129e-01 7.926234e-02
1.388856e-01 7.954021e-02
1.390584e-01 7.981619e-02
1.392314e-01 8.009015e-02
1.394047e-01 8.036194e-02
1.395782e-01 8.063154e-02
1.397519e-01 8.089880e-02
1.399258e-01 8.116356e-02
1.400999e-01 8.142578e-02
1.402743e-01 8.168527e-02
1.404488e-01 8.194192e-02
1.406236e-01 8.219563e-02
1.407986e-01 8.244620e-02
1.409738e-01 8.269356e-02
1.411492e-01 8.293753e-02
1.413249e-01 8.317799e-02
1.415007e-01 8.341468e-02
1.416768e-01 8.364760e-02
1.418531e-01 8.387653e-02
1.420297e-01 8.410131e-02
1.422064e-01 8.432177e-02
1.423834e-01 8.453776e-02
1.425606e-01 8.474909e-02
1.427380e-01 8.495564e-02
1.429156e-01 8.515719e-02
1.430934e-01 8.535360e-02
1.432715e-01 8.554468e-02
1.434498e-01 8.573027e-02
1.436283e-01 8.591020e-02
1.438070e-01 8.608427e-02
1.439860e-01 8.625230e-02
1.441652e-01 8.641414e-02
1.443446e-01 8.656960e-02
1.445242e-01 8.671852e-02
1.447041e-01 8.686072e-02
1.448841e-01 8.699602e-02
1.450644e-01 8.712425e-02
1.452449e-01 8.724526e-02
1.454257e-01 8.735884e-02
1.456067e-01 8.746486e-02
1.457879e-01 8.756315e-02
1.459693e-01 8.765356e-02
1.461509e-01 8.773592e-02
1.463328e-01 8.781009e-02
1.465149e-01 8.787592e-02
1.466972e-01 8.793327e-02
1.468798e-01 8.798198e-02
1.470626e-01 8.802196e-02
1.472456e-01 8.805305e-02
1.474288e-01 8.807514e-02
1.476123e-01 8.808811e-02
1.477960e-01 8.809186e-02
1.479799e-01 8.808628e-02
1.481640e-01 8.807128e-02
1.483484e-01 8.804677e-02
1.485330e-01 8.801267e-02
1.487179e-01 8.796891e-02
1.489029e-01 8.791543e-02
1.490882e-01 8.785217e-02
1.492738e-01 8.777907e-02
1.494595e-01 8.769610e-02
1.496455e-01 8.760324e-02
1.498317e-01 8.750046e-02
1.500182e-01 8.738776e-02
1.502049e-01 8.726511e-02
1.503918e-01 8.713254e-02
1.505789e-01 8.699008e-02
1.507663e-01 8.683772e-02
1.509539e-01 8.667553e-02
1.511418e-01 8.650352e-02
1.513299e-01 8.632179e-02
1.515182e-01 8.613039e-02
1.517067e-01 8.592937e-02
1.518955e-01 8.571885e-02
1.520845e-01 8.549892e-02
1.522738e-01 8.526966e-02
1.524633e-01 8.503120e-02
1.526530e-01 8.478370e-02
1.528430e-01 8.452725e-02
1.530332e-01 8.426202e-02
1.532236e-01 8.398815e-02
1.534143e-01 8.370582e-02
1.536052e-01 8.341518e-02
1.537964e-01 8.311643e-02
1.539878e-01 8.280977e-02
1.541794e-01 8.249537e-02
1.543712e-01 8.217344e-02
1.545633e-01 8.184421e-02
1.547557e-01 8.150789e-02
1.549483e-01 8.116473e-02
1.551411e-01 8.081493e-02
1.553342e-01 8.045878e-02
1.555275e-01 8.009650e-02
1.557210e-01 7.972835e-02
1.559148e-01 7.935457e-02
1.561088e-01 7.897545e-02
1.563031e-01 7.859130e-02
1.564976e-01 7.820229e-02
1.566923e-01 7.780882e-02
1.568873e-01 7.741107e-02
1.570826e-01 7.700939e-02
1.572780e-01 7.660406e-02
1.574737e-01 7.619536e-02
1.576697e-01 7.578358e-02
1.578659e-01 7.536899e-02
1.580624e-01 7.495195e-02
1.582591e-01 7.453271e-02
1.584560e-01 7.411155e-02
1.586532e-01 7.368881e-02
1.588506e-01 7.326475e-02
1.590483e-01 7.283971e-02
1.592462e-01 7.241394e-02
1.594444e-01 7.198773e-02
1.596428e-01 7.156134e-02
1.598415e-01 7.113512e-02
1.600404e-01 7.070933e-02
1.602395e-01 7.028418e-02
1.604389e-01 6.986002e-02
1.606386e-01 6.943711e-02
1.608385e-01 6.901568e-02
1.610387e-01 6.859600e-02
1.612391e-01 6.817828e-02
1.614397e-01 6.776285e-02
1.616406e-01 6.734989e-02
1.618418e-01 6.693963e-02
1.620432e-01 6.653229e-02
1.622448e-01 6.612813e-02
1.624467e-01 6.572730e-02
1.626489e-01 6.533006e-02
1.628513e-01 6.493656e-02
1.630539e-01 6.454700e-02
1.632568e-01 6.416156e-02
1.634600e-01 6.378039e-02
1.636634e-01 6.340368e-02
1.638671e-01 6.303155e-02
1.640710e-01 6.266417e-02
1.642752e-01 6.230165e-02
1.644796e-01 6.194411e-02
1.646843e-01 6.159167e-02
1.648892e-01 6.124446e-02
1.650944e-01 6.090255e-02
1.652998e-01 6.056601e-02
1.655055e-01 6.023496e-02
1.657115e-01 5.990944e-02
1.659177e-01 5.958953e-02
1.661242e-01 5.927526e-02
1.663309e-01 5.896669e-02
1.665379e-01 5.866386e-02
1.667451e-01 5.836677e-02
1.669527e-01 5.807547e-02
1.671604e-01 5.778996e-02
1.673684e-01 5.751023e-02
1.675767e-01 5.723629e-02
1.677852e-01 5.696811e-02
1.679940e-01 5.670570e-02
1.682031e-01 5.644903e-02
1.684124e-01 5.619805e-02
1.686220e-01 5.595273e-02
1.688318e-01 5.571304e-02
1.690419e-01 5.547894e-02
1.692523e-01 5.525035e-02
1.694629e-01 5.502723e-02
1.696738e-01 5.480951e-02
1.698849e-01 5.459715e-02
1.700963e-01 5.439007e-02
1.703080e-01 5.418817e-02
1.705199e-01 5.399141e-02
1.707321e-01 5.379971e-02
1.709446e-01 5.361299e-02
1.711573e-01 5.343115e-02
1.713703e-01 5.325413e-02
1.715836e-01 5.308185e-02
1.717971e-01 5.291422e-02
1.720109e-01 5.275114e-02
1.722249e-01 5.259257e-02
1.724393e-01 5.243838e-02
1.726539e-01 5.228851e-02
1.728687e-01 5.214288e-02
1.730838e-01 5.200142e-02
1.732992e-01 5.186402e-02
1.735149e-01 5.173064e-02
1.737308e-01 5.160118e-02
1.739470e-01 5.147559e-02
1.741635e-01 5.135378e-02
1.743802e-01 5.123569e-02
1.745972e-01 5.112127e-02
1.748145e-01 5.101044e-02
1.750320e-01 5.090314e-02
1.752498e-01 5.079933e-02
1.754679e-01 5.069896e-02
1.756863e-01 5.060196e-02
1.759049e-01 5.050832e-02
1.761238e-01 5.041798e-02
1.763430e-01 5.033091e-02
1.765624e-01 5.024706e-02
1.767821e-01 5.016642e-02
1.770021e-01 5.008896e-02
1.772224e-01 5.001465e-02
1.774429e-01 4.994347e-02
1.776637e-01 4.987542e-02
1.778848e-01 4.981048e-02
1.781062e-01 4.974864e-02
1.783278e-01 4.968989e-02
1.785497e-01 4.963422e-02
1.787719e-01 4.958165e-02
1.789944e-01 4.953218e-02
1.792171e-01 4.948579e-02
1.794402e-01 4.944252e-02
1.796635e-01 4.940234e-02
1.798870e-01 4.936529e-02
1.801109e-01 4.933137e-02
1.803350e-01 4.930058e-02
1.805595e-01 4.927296e-02
1.807841e-01 4.924850e-02
1.810091e-01 4.922723e-02
1.812344e-01 4.920914e-02
1.814599e-01 4.919427e-02
1.816857e-01 4.918262e-02
1.819118e-01 4.917420e-02
1.821382e-01 4.916902e-02
1.823648e-01 4.916709e-02
1.825918e-01 4.916843e-02
1.828190e-01 4.917303e-02
1.830465e-01 4.918088e-02
1.832743e-01 4.919201e-02
1.835024e-01 4.920641e-02
1.837307e-01 4.922406e-02
1.839594e-01 4.924496e-02
1.841883e-01 4.926909e-02
1.844175e-01 4.929645e-02
1.846470e-01 4.932701e-02
1.848768e-01 4.936074e-02
1.851068e-01 4.939762e-02
1.853372e-01 4.943760e-02
1.855678e-01 4.948067e-02
1.857987e-01 4.952675e-02
1.860299e-01 4.957583e-02
1.862614e-01 4.962784e-02
1.864932e-01 4.968271e-02
1.867253e-01 4.974041e-02
1.869577e-01 4.980084e-02
1.871903e-01 4.986394e-02
1.874233e-01 4.992964e-02
1.876565e-01 4.999784e-02
1.878900e-01 5.006847e-02
1.881238e-01 5.014142e-02
1.883579e-01 5.021661e-02
1.885923e-01 5.029392e-02
1.888270e-01 5.037326e-02
1.890620e-01 5.045450e-02
1.892973e-01 5.053754e-02
1.895329e-01 5.062226e-02
1.897687e-01 5.070853e-02
1.900049e-01 5.079623e-02
1.902413e-01 5.088521e-02
1.904781e-01 5.097537e-02
1.907151e-01 5.106656e-02
1.909524e-01 5.115863e-02
1.911900e-01 5.125145e-02
1.914280e-01 5.134488e-02
1.916662e-01 5.143878e-02
1.919047e-01 5.153298e-02
1.921435e-01 5.162736e-02
1.923826e-01 5.172177e-02
1.926220e-01 5.181606e-02
1.928617e-01 5.191008e-02
1.931017e-01 5.200369e-02
1.933420e-01 5.209673e-02
1.935826e-01 5.218908e-02
1.938235e-01 5.228059e-02
1.940647e-01 5.237111e-02
1.943062e-01 5.246050e-02
1.945480e-01 5.254864e-02
1.947901e-01 5.263539e-02
1.950325e-01 5.272062e-02
1.952752e-01 5.280421e-02
1.955182e-01 5.288603e-02
1.957615e-01 5.296597e-02
1.960051e-01 5.304391e-02
1.962491e-01 5.311975e-02
1.964933e-01 5.319338e-02
1.967378e-01 5.326471e-02
1.969826e-01 5.333364e-02
1.972277e-01 5.340008e-02
1.974732e-01 5.346396e-02
1.977189e-01 5.352519e-02
1.979650e-01 5.358372e-02
1.982113e-01 5.363947e-02
1.984580e-01 5.369239e-02
1.987049e-01 5.374243e-02
1.989522e-01 5.378954e-02
1.991998e-01 5.383369e-02
1.994477e-01 5.387484e-02
1.996959e-01 5.391297e-02
1.999444e-01 5.394807e-02
2.001932e-01 5.398011e-02
2.004423e-01 5.400910e-02
2.006918e-01 5.403503e-02
2.009415e-01 5.405790e-02
2.011916e-01 5.407774e-02
2.014419e-01 5.409456e-02
2.016926e-01 5.410837e-02
2.019436e-01 5.411921e-02
2.021949e-01 5.412711e-02
2.024465e-01 5.413211e-02
2.026984e-01 5.413425e-02
2.029507e-01 5.413358e-02
2.032032e-01 5.413015e-02
2.034561e-01 5.412401e-02
2.037093e-01 5.411522e-02
2.039628e-01 5.410385e-02
2.042166e-01 5.408995e-02
2.044707e-01 5.407360e-02
2.047252e-01 5.405488e-02
2.049800e-01 5.403382e-02
2.052350e-01 5.401053e-02
2.054904e-01 5.398507e-02
2.057462e-01 5.395752e-02
2.060022e-01 5.392797e-02
2.062585e-01 5.389646e-02
2.065152e-01 5.386309e-02
2.067722e-01 5.382795e-02
2.070295e-01 5.379110e-02
2.072872e-01 5.375260e-02
2.075451e-01 5.371255e-02
2.078034e-01 5.367102e-02
2.080620e-01 5.362807e-02
2.083209e-01 5.358379e-02
2.085801e-01 5.353823e-02
2.088397e-01 5.349147e-02
2.090996e-01 5.344356e-02
2.093598e-01 5.339457e-02
2.096203e-01 5.334457e-02
2.098812e-01 5.329360e-02
2.101424e-01 5.324171e-02
2.104039e-01 5.318898e-02
2.106657e-01 5.313543e-02
2.109279e-01 5.308112e-02
2.111903e-01 5.302609e-02
2.114531e-01 5.297038e-02
2.117163e-01 5.291402e-02
2.119797e-01 5.285706e-02
2.122435e-01 5.279950e-02
2.125077e-01 5.274141e-02
2.127721e-01 5.268278e-02
2.130369e-01 5.262365e-02
2.133020e-01 5.256404e-02
2.135674e-01 5.250396e-02
2.138332e-01 5.244343e-02
2.140993e-01 5.238246e-02
2.143657e-01 5.232107e-02
2.146325e-01 5.225926e-02
2.148996e-01 5.219704e-02
2.151670e-01 5.213442e-02
2.154348e-01 5.207141e-02
2.157029e-01 5.200800e-02
2.159713e-01 5.194420e-02
2.162400e-01 5.188001e-02
2.165091e-01 5.181544e-02
2.167786e-01 5.175048e-02
2.170483e-01 5.168515e-02
2.173184e-01 5.161943e-02
2.175889e-01 5.155333e-02
2.178596e-01 5.148687e-02
2.181307e-01 5.142003e-02
2.184022e-01 5.135283e-02
2.186740e-01 5.128526e-02
2.189461e-01 5.121735e-02
2.192186e-01 5.114908e-02
2.194914e-01 5.108048e-02
2.197645e-01 5.101156e-02
2.200380e-01 5.094233e-02
2.203118e-01 5.087280e-02
2.205860e-01 5.080299e-02
2.208605e-01 5.073293e-02
2.211353e-01 5.066262e-02
2.214105e-01 5.059211e-02
2.216860e-01 5.052141e-02
2.219619e-01 5.045055e-02
2.222381e-01 5.037955e-02
2.225147e-01 5.030847e-02
2.227916e-01 5.023732e-02
2.230688e-01 5.016614e-02
2.233464e-01 5.009498e-02
2.236243e-01 5.002387e-02
2.239026e-01 4.995287e-02
2.241813e-01 4.988200e-02
2.244602e-01 4.981132e-02
2.247396e-01 4.974088e-02
2.250192e-01 4.967073e-02
2.252992e-01 4.960090e-02
2.255796e-01 4.953147e-02
2.258603e-01 4.946247e-02
2.261414e-01 4.939397e-02
2.264228e-01 4.932601e-02
2.267046e-01 4.925866e-02
2.269867e-01 4.919195e-02
2.272692e-01 4.912596e-02
2.275520e-01 4.906072e-02
2.278351e-01 4.899631e-02
2.281187e-01 4.893276e-02
2.284025e-01 4.887014e-02
2.286868e-01 4.880848e-02
2.289714e-01 4.874785e-02
2.292563e-01 4.868829e-02
2.295416e-01 4.862985e-02
2.298272e-01 4.857257e-02
2.301132e-01 4.851649e-02
2.303996e-01 4.846167e-02
2.306863e-01 4.840813e-02
2.309734e-01 4.835591e-02
2.312608e-01 4.830506e-02
2.315486e-01 4.825559e-02
2.318367e-01 4.820754e-02
2.321252e-01 4.816094e-02
2.324141e-01 4.811581e-02
2.327033e-01 4.807217e-02
2.329929e-01 4.803004e-02
2.332828e-01 4.798943e-02
2.335731e-01 4.795035e-02
2.338638e-01 4.791282e-02
2.341548e-01 4.787684e-02
2.344462e-01 4.784241e-02
2.347380e-01 4.780954e-02
2.350301e-01 4.777822e-02
2.353226e-01 4.774844e-02
2.356154e-01 4.772020e-02
2.359086e-01 4.769348e-02
2.362022e-01 4.766828e-02
2.364961e-01 4.764457e-02
2.367904e-01 4.762234e-02
2.370851e-01 4.760156e-02
2.373801e-01 4.758222e-02
2.376755e-01 4.756429e-02
2.379713e-01 4.754773e-02
2.382674e-01 4.753253e-02
2.385639e-01 4.751865e-02
2.388608e-01 4.750607e-02
2.391580e-01 4.749474e-02
2.394557e-01 4.748464e-02
2.397536e-01 4.747572e-02
2.400520e-01 4.746795e-02
2.403507e-01 4.746130e-02
2.406498e-01 4.745572e-02
2.409493e-01 4.745119e-02
2.412491e-01 4.744764e-02
2.415494e-01 4.744506e-02
2.418499e-01 4.744340e-02
2.421509e-01 4.744262e-02
2.424522e-01 4.744268e-02
2.427540e-01 4.744354e-02
2.430560e-01 4.744516e-02
2.433585e-01 4.744751e-02
2.436613e-01 4.745054e-02
2.439646e-01 4.745422e-02
2.442682e-01 4.745851e-02
2.445721e-01 4.746337e-02
2.448765e-01 4.746877e-02
2.451812e-01 4.747466e-02
2.454863e-01 4.748102e-02
2.457918e-01 4.748781e-02
2.460977e-01 4.749499e-02
2.464039e-01 4.750253e-02
2.467106e-01 4.751040e-02
2.470176e-01 4.751857e-02
2.473250e-01 4.752700e-02
2.476327e-01 4.753566e-02
2.479409e-01 4.754453e-02
2.482494e-01 4.755356e-02
2.485584e-01 4.756274e-02
2.488677e-01 4.757202e-02
2.491774e-01 4.758140e-02
2.494875e-01 4.759083e-02
2.497979e-01 4.760028e-02
2.501088e-01 4.760974e-02
2.504200e-01 4.761917e-02
2.507317e-01 4.762855e-02
2.510437e-01 4.763784e-02
2.513561e-01 4.764703e-02
2.516689e-01 4.765610e-02
2.519820e-01 4.766500e-02
2.522956e-01 4.767373e-02
2.526096e-01 4.768224e-02
2.529239e-01 4.769053e-02
2.532387e-01 4.769857e-02
2.535538e-01 4.770633e-02
2.538693e-01 4.771378e-02
2.541853e-01 4.772091e-02
2.545016e-01 4.772771e-02
2.548183e-01 4.773413e-02
2.551354e-01 4.774017e-02
2.554529e-01 4.774581e-02
2.557708e-01 4.775101e-02
2.560891e-01 4.775578e-02
2.564077e-01 4.776008e-02
2.567268e-01 4.776391e-02
2.570463e-01 4.776724e-02
2.573662e-01 4.777007e-02
2.576864e-01 4.777237e-02
2.580071e-01 4.777415e-02
2.583282e-01 4.777538e-02
2.586497e-01 4.777606e-02
2.589715e-01 4.777618e-02
2.592938e-01 4.777573e-02
2.596165e-01 4.777471e-02
2.599395e-01 4.777312e-02
2.602630e-01 4.777096e-02
2.605869e-01 4.776823e-02
2.609112e-01 4.776492e-02
2.612359e-01 4.776104e-02
2.615609e-01 4.775661e-02
2.618864e-01 4.775162e-02
2.622123e-01 4.774608e-02
2.625386e-01 4.774002e-02
2.628653e-01 4.773344e-02
2.631925e-01 4.772635e-02
2.635200e-01 4.771877e-02
2.638479e-01 4.771072e-02
2.641762e-01 4.770223e-02
2.645050e-01 4.769330e-02
2.648342e-01 4.768398e-02
2.651637e-01 4.767427e-02
2.654937e-01 4.766420e-02
2.658241e-01 4.765381e-02
2.661549e-01 4.764311e-02
2.664861e-01 4.763214e-02
2.668177e-01 4.762093e-02
2.671497e-01 4.760951e-02
2.674822e-01 4.759790e-02
2.678150e-01 4.758614e-02
2.681483e-01 4.757426e-02
2.684820e-01 4.756229e-02
2.688161e-01 4.755026e-02
2.691506e-01 4.753820e-02
2.694856e-01 4.752614e-02
2.698209e-01 4.751411e-02
2.701567e-01 4.750215e-02
2.704929e-01 4.749027e-02
2.708295e-01 4.747851e-02
2.711665e-01 4.746689e-02
2.715040e-01 4.745544e-02
2.718418e-01 4.744419e-02
2.721801e-01 4.743314e-02
2.725188e-01 4.742233e-02
2.728580e-01 4.741178e-02
2.731975e-01 4.740149e-02
2.735375e-01 4.739150e-02
2.738779e-01 4.738181e-02
2.742187e-01 4.737244e-02
2.745599e-01 4.736339e-02
2.749016e-01 4.735469e-02
2.752437e-01 4.734633e-02
2.755862e-01 4.733832e-02
2.759292e-01 4.733066e-02
2.762725e-01 4.732336e-02
2.766163e-01 4.731643e-02
2.769606e-01 4.730985e-02
2.773052e-01 4.730363e-02
2.776503e-01 4.729776e-02
2.779958e-01 4.729225e-02
2.783418e-01 4.728709e-02
2.786881e-01 4.728226e-02
2.790349e-01 4.727776e-02
2.793822e-01 4.727360e-02
2.797298e-01 4.726974e-02
2.800780e-01 4.726619e-02
2.804265e-01 4.726295e-02
2.807755e-01 4.725998e-02
2.811249e-01 4.725729e-02
2.814747e-01 4.725488e-02
2.818250e-01 4.725271e-02
2.821757e-01 4.725079e-02
2.825268e-01 4.724912e-02
2.828784e-01 4.724767e-02
2.832304e-01 4.724643e-02
2.835829e-01 4.724540e-02
2.839358e-01 4.724458e-02
2.842891e-01 4.724394e-02
2.846429e-01 4.724349e-02
2.849971e-01 4.724322e-02
2.853518e-01 4.724312e-02
2.857069e-01 4.724320e-02
2.860624e-01 4.724343e-02
2.864184e-01 4.724381e-02
2.867748e-01 4.724436e-02
2.871317e-01 4.724505e-02
2.874890e-01 4.724589e-02
2.878468e-01 4.724688e-02
2.882050e-01 4.724801e-02
2.885636e-01 4.724928e-02
2.889227e-01 4.725070e-02
2.892822e-01 4.725225e-02
2.896422e-01 4.725394e-02
2.900027e-01 4.725576e-02
2.903636e-01 4.725772e-02
2.907249e-01 4.725982e-02
2.910867e-01 4.726205e-02
2.914489e-01 4.726440e-02
2.918116e-01 4.726688e-02
2.921747e-01 4.726949e-02
2.925383e-01 4.727221e-02
2.929024e-01 4.727505e-02
2.932669e-01 4.727800e-02
2.936318e-01 4.728105e-02
2.939972e-01 4.728419e-02
2.943631e-01 4.728743e-02
2.947294e-01 4.729074e-02
2.950961e-01 4.729412e-02
2.954634e-01 4.729757e-02
2.958310e-01 4.730106e-02
2.961992e-01 4.730459e-02
2.965678e-01 4.730815e-02
2.969368e-01 4.731172e-02
2.973063e-01 4.731529e-02
2.976763e-01 4.731884e-02
2.980468e-01 4.732236e-02
2.984177e-01 4.732584e-02
2.987890e-01 4.732926e-02
2.991608e-01 4.733261e-02
2.995331e-01 4.733587e-02
2.999059e-01 4.733904e-02
3.002791e-01 4.734209e-02
3.006527e-01 4.734500e-02
3.010269e-01 4.734778e-02
3.014015e-01 4.735041e-02
3.017766e-01 4.735287e-02
3.021521e-01 4.735516e-02
3.025281e-01 4.735728e-02
3.029046e-01 4.735920e-02
3.032815e-01 4.736093e-02
3.036589e-01 4.736247e-02
3.040368e-01 4.736381e-02
3.044152e-01 4.736495e-02
3.047940e-01 4.736590e-02
3.051733e-01 4.736664e-02
3.055530e-01 4.736721e-02
3.059333e-01 4.736758e-02
3.063140e-01 4.736779e-02
3.066952e-01 4.736783e-02
3.070768e-01 4.736773e-02
3.074590e-01 4.736748e-02
3.078416e-01 4.736712e-02
3.082246e-01 4.736665e-02
3.086082e-01 4.736610e-02
3.089922e-01 4.736549e-02
3.093768e-01 4.736483e-02
3.097618e-01 4.736415e-02
3.101472e-01 4.736347e-02
3.105332e-01 4.736282e-02
3.109196e-01 4.736221e-02
3.113065e-01 4.736168e-02
3.116939e-01 4.736125e-02
3.120818e-01 4.736094e-02
3.124702e-01 4.736077e-02
3.128590e-01 4.736077e-02
3.132483e-01 4.736096e-02
3.136382e-01 4.736136e-02
3.140285e-01 4.736198e-02
3.144192e-01 4.736285e-02
3.148105e-01 4.736399e-02
3.152023e-01 4.736541e-02
3.155945e-01 4.736710e-02
3.159872e-01 4.736910e-02
3.163805e-01 4.737141e-02
3.167742e-01 4.737402e-02
3.171684e-01 4.737696e-02
3.175631e-01 4.738021e-02
3.179583e-01 4.738378e-02
3.183539e-01 4.738765e-02
3.187501e-01 4.739182e-02
3.191468e-01 4.739628e-02
3.195439e-01 4.740102e-02
3.199416e-01 4.740603e-02
3.203397e-01 4.741127e-02
3.207383e-01 4.741675e-02
3.211375e-01 4.742242e-02
3.215371e-01 4.742828e-02
3.219372e-01 4.743428e-02
3.223379e-01 4.744042e-02
3.227390e-01 4.744665e-02
3.231406e-01 4.745295e-02
3.235427e-01 4.745928e-02
3.239453e-01 4.746561e-02
3.243485e-01 4.747192e-02
3.247521e-01 4.747816e-02
3.251562e-01 4.748431e-02
3.255609e-01 4.749034e-02
3.259660e-01 4.749620e-02
3.263716e-01 4.750188e-02
3.267778e-01 4.750733e-02
3.271844e-01 4.751254e-02
3.275916e-01 4.751747e-02
3.279992e-01 4.752210e-02
3.284074e-01 4.752640e-02
3.288161e-01 4.753035e-02
3.292253e-01 4.753394e-02
3.296350e-01 4.753714e-02
3.300452e-01 4.753994e-02
3.304559e-01 4.754233e-02
3.308671e-01 4.754429e-02
3.312789e-01 4.754582e-02
3.316911e-01 4.754693e-02
3.321039e-01 4.754757e-02
3.325171e-01 4.754780e-02
3.329309e-01 4.754759e-02
3.333452e-01 4.754695e-02
3.337601e-01 4.754589e-02
3.341754e-01 4.754443e-02
3.345913e-01 4.754256e-02
3.350076e-01 4.754033e-02
3.354245e-01 4.753773e-02
3.358419e-01 4.753480e-02
3.362599e-01 4.753154e-02
3.366783e-01 4.752798e-02
3.370973e-01 4.752416e-02
3.375168e-01 4.752008e-02
3.379368e-01 4.751579e-02
3.383573e-01 4.751130e-02
3.387784e-01 4.750665e-02
3.392000e-01 4.750187e-02
3.396221e-01 4.749697e-02
3.400447e-01 4.749200e-02
3.404679e-01 4.748697e-02
3.408916e-01 4.748192e-02
3.413158e-01 4.747687e-02
3.417405e-01 4.747185e-02
3.421658e-01 4.746688e-02
3.425916e-01 4.746199e-02
3.430179e-01 4.745720e-02
3.434448e-01 4.745253e-02
3.438722e-01 4.744800e-02
3.443001e-01 4.744362e-02
3.447285e-01 4.743942e-02
3.451575e-01 4.743541e-02
3.455870e-01 4.743159e-02
3.460171e-01 4.742798e-02
3.464477e-01 4.742459e-02
3.468788e-01 4.742141e-02
3.473105e-01 4.741846e-02
3.477427e-01 4.741573e-02
3.481754e-01 4.741323e-02
3.486087e-01 4.741094e-02
3.490425e-01 4.740886e-02
3.494769e-01 4.740699e-02
3.499118e-01 4.740532e-02
3.503472e-01 4.740383e-02
3.507832e-01 4.740251e-02
3.512197e-01 4.740135e-02
3.516568e-01 4.740032e-02
3.520944e-01 4.739942e-02
3.525325e-01 4.739862e-02
3.529712e-01 4.739791e-02
3.534105e-01 4.739725e-02
3.538503e-01 4.739664e-02
3.542906e-01 4.739604e-02
3.547315e-01 4.739544e-02
3.551729e-01 4.739482e-02
3.556149e-01 4.739414e-02
3.560575e-01 4.739338e-02
3.565005e-01 4.739254e-02
3.569442e-01 4.739158e-02
3.573884e-01 4.739049e-02
3.578331e-01 4.738924e-02
3.582784e-01 4.738782e-02
3.587242e-01 4.738622e-02
3.591707e-01 4.738440e-02
3.596176e-01 4.738238e-02
3.600651e-01 4.738013e-02
3.605132e-01 4.737765e-02
3.609618e-01 4.737493e-02
3.614110e-01 4.737198e-02
3.618608e-01 4.736878e-02
3.623111e-01 4.736535e-02
3.627619e-01 4.736169e-02
3.632134e-01 4.735780e-02
3.636654e-01 4.735369e-02
3.641179e-01 4.734940e-02
3.645710e-01 4.734492e-02
3.650247e-01 4.734028e-02
3.654790e-01 4.733550e-02
3.659338e-01 4.733061e-02
3.663891e-01 4.732564e-02
3.668451e-01 4.732062e-02
3.673016e-01 4.731557e-02
3.677587e-01 4.731054e-02
3.682163e-01 4.730556e-02
3.686745e-01 4.730067e-02
3.691333e-01 4.729590e-02
3.695927e-01 4.729130e-02
3.700526e-01 4.728690e-02
3.705131e-01 4.728275e-02
3.709742e-01 4.727889e-02
3.714358e-01 4.727535e-02
3.718981e-01 4.727217e-02
3.723609e-01 4.726939e-02
3.728242e-01 4.726705e-02
3.732882e-01 4.726516e-02
3.737527e-01 4.726378e-02
3.742178e-01 4.726292e-02
3.746835e-01 4.726261e-02
3.751498e-01 4.726287e-02
3.756166e-01 4.726372e-02
3.760840e-01 4.726516e-02
3.765520e-01 4.726721e-02
3.770206e-01 4.726988e-02
3.774898e-01 4.727316e-02
3.779596e-01 4.727705e-02
3.784299e-01 4.728154e-02
3.789008e-01 4.728663e-02
3.793723e-01 4.729228e-02
3.798444e-01 4.729848e-02
3.803171e-01 4.730521e-02
3.807904e-01 4.731244e-02
3.812643e-01 4.732012e-02
3.817387e-01 4.732823e-02
3.822138e-01 4.733673e-02
3.826894e-01 4.734556e-02
3.831656e-01 4.735470e-02
3.836424e-01 4.736409e-02
3.841199e-01 4.737368e-02
3.845979e-01 4.738343e-02
3.850765e-01 4.739328e-02
3.855557e-01 4.740318e-02
3.860355e-01 4.741310e-02
3.865159e-01 4.742297e-02
3.869968e-01 4.743275e-02
3.874784e-01 4.744240e-02
3.879606e-01 4.745188e-02
3.884434e-01 4.746113e-02
3.889268e-01 4.747014e-02
3.894108e-01 4.747885e-02
3.898954e-01 4.748725e-02
3.903806e-01 4.749531e-02
3.908664e-01 4.750299e-02
3.913528e-01 4.751030e-02
3.918398e-01 4.751720e-02
3.923274e-01 4.752369e-02
3.928156e-01 4.752976e-02
3.933044e-01 4.753541e-02
3.937939e-01 4.754066e-02
3.942839e-01 4.754548e-02
3.947746e-01 4.754991e-02
3.952658e-01 4.755394e-02
3.957577e-01 4.755759e-02
3.962502e-01 4.756088e-02
3.967433e-01 4.756383e-02
3.972370e-01 4.756646e-02
3.977314e-01 4.756878e-02
3.982263e-01 4.757083e-02
3.987219e-01 4.757263e-02
3.992180e-01 4.757418e-02
3.997148e-01 4.757552e-02
4.002123e-01 4.757669e-02
4.007103e-01 4.757768e-02
4.012089e-01 4.757850e-02
4.017082e-01 4.757919e-02
4.022081e-01 4.757976e-02
4.027086e-01 4.758020e-02
4.032098e-01 4.758054e-02
4.037115e-01 4.758078e-02
4.042139e-01 4.758091e-02
4.047169e-01 4.758093e-02
4.052206e-01 4.758085e-02
4.057248e-01 4.758066e-02
4.062297e-01 4.758034e-02
4.067352e-01 4.757988e-02
4.072414e-01 4.757926e-02
4.077482e-01 4.757848e-02
4.082556e-01 4.757752e-02
4.087636e-01 4.757634e-02
4.092723e-01 4.757494e-02
4.097816e-01 4.757329e-02
4.102916e-01 4.757137e-02
4.108021e-01 4.756917e-02
4.113133e-01 4.756666e-02
4.118252e-01 4.756382e-02
4.123377e-01 4.756064e-02
4.128508e-01 4.755711e-02
4.133646e-01 4.755321e-02
4.138790e-01 4.754893e-02
4.143940e-01 4.754428e-02
4.149097e-01 4.753925e-02
4.154260e-01 4.753384e-02
4.159430e-01 4.752806e-02
4.164606e-01 4.752194e-02
4.169788e-01 4.751545e-02
4.174977e-01 4.750864e-02
4.180173e-01 4.750154e-02
4.185375e-01 4.749416e-02
4.190583e-01 4.748653e-02
4.195798e-01 4.747871e-02
4.201019e-01 4.747070e-02
4.206247e-01 4.746257e-02
4.211481e-01 4.745436e-02
4.216722e-01 4.744610e-02
4.221970e-01 4.743785e-02
4.227223e-01 4.742966e-02
4.232484e-01 4.742156e-02
4.237751e-01 4.741362e-02
4.243024e-01 4.740587e-02
4.248305e-01 4.739837e-02
4.253591e-01 4.739117e-02
4.258885e-01 4.738429e-02
4.264184e-01 4.737779e-02
4.269491e-01 4.737169e-02
4.274804e-01 4.736604e-02
4.280124e-01 4.736087e-02
4.285450e-01 4.735619e-02
4.290783e-01 4.735203e-02
4.296122e-01 4.734841e-02
4.301468e-01 4.734532e-02
4.306821e-01 4.734279e-02
4.312181e-01 4.734081e-02
4.317547e-01 4.733937e-02
4.322920e-01 4.733846e-02
4.328299e-01 4.733807e-02
4.333686e-01 4.733818e-02
4.339079e-01 4.733875e-02
4.344478e-01 4.733977e-02
4.349885e-01 4.734119e-02
4.355298e-01 4.734297e-02
4.360717e-01 4.734508e-02
4.366144e-01 4.734748e-02
4.371577e-01 4.735010e-02
4.377017e-01 4.735291e-02
4.382464e-01 4.735586e-02
4.387918e-01 4.735888e-02
4.393378e-01 4.736195e-02
4.398846e-01 4.736500e-02
4.404320e-01 4.736798e-02
4.409800e-01 4.737085e-02
4.415288e-01 4.737356e-02
4.420783e-01 4.737606e-02
4.426284e-01 4.737833e-02
4.431792e-01 4.738031e-02
4.437307e-01 4.738197e-02
4.442829e-01 4.738330e-02
4.448358e-01 4.738426e-02
4.453893e-01 4.738483e-02
4.459436e-01 4.738500e-02
4.464985e-01 4.738475e-02
4.470542e-01 4.738409e-02
4.476105e-01 4.738301e-02
4.481675e-01 4.738152e-02
4.487252e-01 4.737962e-02
4.492836e-01 4.737734e-02
4.498427e-01 4.737469e-02
4.504025e-01 4.737170e-02
4.509630e-01 4.736839e-02
4.515242e-01 4.736480e-02
4.520861e-01 4.736096e-02
4.526487e-01 4.735690e-02
4.532119e-01 4.735267e-02
4.537759e-01 4.734830e-02
4.543406e-01 4.734385e-02
4.549060e-01 4.733934e-02
4.554721e-01 4.733483e-02
4.560389e-01 4.733035e-02
4.566064e-01 4.732596e-02
4.571746e-01 4.732168e-02
4.577435e-01 4.731755e-02
4.583132e-01 4.731362e-02
4.588835e-01 4.730991e-02
4.594545e-01 4.730645e-02
4.600263e-01 4.730327e-02
4.605988e-01 4.730039e-02
4.611719e-01 4.729783e-02
4.617458e-01 4.729560e-02
4.623204e-01 4.729371e-02
4.628958e-01 4.729217e-02
4.634718e-01 4.729097e-02
4.640486e-01 4.729011e-02
4.646260e-01 4.728958e-02
4.652042e-01 4.728938e-02
4.657831e-01 4.728948e-02
4.663628e-01 4.728987e-02
4.669431e-01 4.729053e-02
4.675242e-01 4.729143e-02
4.681060e-01 4.729254e-02
4.686885e-01 4.729383e-02
4.692718e-01 4.729528e-02
4.698557e-01 4.729686e-02
4.704404e-01 4.729853e-02
4.710259e-01 4.730026e-02
4.716120e-01 4.730203e-02
4.721989e-01 4.730379e-02
4.727865e-01 4.730553e-02
4.733749e-01 4.730721e-02
4.739639e-01 4.730881e-02
4.745537e-01 4.731030e-02
4.751443e-01 4.731167e-02
4.757356e-01 4.731289e-02
4.763276e-01 4.731395e-02
4.769203e-01 4.731483e-02
4.775138e-01 4.731552e-02
4.781081e-01 4.731601e-02
4.787030e-01 4.731629e-02
4.792987e-01 4.731636e-02
4.798952e-01 4.731621e-02
4.804924e-01 4.731584e-02
4.810903e-01 4.731525e-02
4.816890e-01 4.731445e-02
4.822884e-01 4.731342e-02
4.828886e-01 4.731218e-02
4.834895e-01 4.731073e-02
4.840912e-01 4.730907e-02
4.846936e-01 4.730721e-02
4.852967e-01 4.730515e-02
4.859007e-01 4.730290e-02
4.865053e-01 4.730046e-02
4.871107e-01 4.729784e-02
4.877169e-01 4.729504e-02
4.883238e-01 4.729207e-02
4.889315e-01 4.728894e-02
4.895400e-01 4.728566e-02
4.901491e-01 4.728222e-02
4.907591e-01 4.727864e-02
4.913698e-01 4.727493e-02
4.919813e-01 4.727110e-02
4.925935e-01 4.726716e-02
4.932065e-01 4.726313e-02
4.938203e-01 4.725902e-02
4.944348e-01 4.725484e-02
4.950501e-01 4.725062e-02
4.956661e-01 4.724637e-02
4.962829e-01 4.724212e-02
4.969005e-01 4.723790e-02
4.975189e-01 4.723372e-02
4.981380e-01 4.722961e-02
4.987579e-01 4.722560e-02
4.993786e-01 4.722171e-02
5.000000e-01 4.721798e-02
