q  I(q)
5.000000e-02 1.993467e-01
5.003468e-02 1.987539e-01
5.006939e-02 1.981387e-01
5.010411e-02 1.975088e-01
5.013887e-02 1.968638e-01
5.017365e-02 1.962063e-01
5.020845e-02 1.955415e-01
5.024327e-02 1.948567e-01
5.027812e-02 1.941701e-01
5.031300e-02 1.934755e-01
5.034789e-02 1.927745e-01
5.038282e-02 1.920677e-01
5.041776e-02 1.913606e-01
5.045273e-02 1.906502e-01
5.048773e-02 1.899398e-01
5.052275e-02 1.892303e-01
5.055779e-02 1.885237e-01
5.059286e-02 1.878181e-01
5.062795e-02 1.871186e-01
5.066307e-02 1.864260e-01
5.069821e-02 1.857406e-01
5.073337e-02 1.850630e-01
5.076856e-02 1.843961e-01
5.080378e-02 1.837402e-01
5.083902e-02 1.830957e-01
5.087428e-02 1.824628e-01
5.090957e-02 1.818443e-01
5.094488e-02 1.812463e-01
5.098021e-02 1.806542e-01
5.101557e-02 1.800829e-01
5.105096e-02 1.795283e-01
5.108637e-02 1.789930e-01
5.112180e-02 1.784733e-01
5.115726e-02 1.779756e-01
5.119275e-02 1.774965e-01
5.122826e-02 1.770384e-01
5.126379e-02 1.766003e-01
5.129935e-02 1.761814e-01
5.133493e-02 1.757855e-01
5.137054e-02 1.754100e-01
5.140617e-02 1.750551e-01
5.144182e-02 1.747212e-01
5.147750e-02 1.744137e-01
5.151321e-02 1.741242e-01
5.154894e-02 1.738568e-01
5.158470e-02 1.736102e-01
5.162048e-02 1.733854e-01
5.165628e-02 1.731829e-01
5.169211e-02 1.729996e-01
5.172796e-02 1.728398e-01
5.176384e-02 1.726944e-01
5.179975e-02 1.725705e-01
5.183568e-02 1.724656e-01
5.187163e-02 1.723826e-01
5.190761e-02 1.723130e-01
5.194362e-02 1.722626e-01
5.197964e-02 1.722310e-01
5.201570e-02 1.722136e-01
5.205178e-02 1.722128e-01
5.208788e-02 1.722278e-01
5.212401e-02 1.722546e-01
5.216017e-02 1.722963e-01
5.219634e-02 1.723485e-01
5.223255e-02 1.724135e-01
5.226878e-02 1.724893e-01
5.230503e-02 1.725745e-01
5.234131e-02 1.726705e-01
5.237762e-02 1.727740e-01
5.241395e-02 1.728854e-01
5.245030e-02 1.730026e-01
5.248668e-02 1.731260e-01
5.252309e-02 1.732539e-01
5.255952e-02 1.733871e-01
5.259598e-02 1.735240e-01
5.263246e-02 1.736597e-01
5.266896e-02 1.737996e-01
5.270550e-02 1.739403e-01
5.274205e-02 1.740783e-01
5.277864e-02 1.742173e-01
5.281525e-02 1.743552e-01
5.285188e-02 1.744893e-01
5.288854e-02 1.746197e-01
5.292522e-02 1.747472e-01
5.296193e-02 1.748726e-01
5.299867e-02 1.749856e-01
5.303543e-02 1.751003e-01
5.307222e-02 1.752062e-01
5.310903e-02 1.753005e-01
5.314586e-02 1.753909e-01
5.318273e-02 1.754717e-01
5.321962e-02 1.755432e-01
5.325653e-02 1.756074e-01
5.329347e-02 1.756600e-01
5.333044e-02 1.757023e-01
5.336743e-02 1.757326e-01
5.340444e-02 1.757544e-01
5.344149e-02 1.757614e-01
5.347855e-02 1.757590e-01
5.351565e-02 1.757442e-01
5.355277e-02 1.757198e-01
5.358991e-02 1.756785e-01
5.362708e-02 1.756247e-01
5.366428e-02 1.755601e-01
5.370150e-02 1.754836e-01
5.373875e-02 1.753925e-01
5.377602e-02 1.752889e-01
5.381332e-02 1.751812e-01
5.385065e-02 1.750424e-01
5.388800e-02 1.749004e-01
5.392538e-02 1.747457e-01
5.396278e-02 1.745795e-01
5.400021e-02 1.743975e-01
5.403767e-02 1.742099e-01
5.407515e-02 1.740036e-01
5.411266e-02 1.737880e-01
5.415019e-02 1.735607e-01
5.418775e-02 1.733258e-01
5.422534e-02 1.730799e-01
5.426295e-02 1.728238e-01
5.430059e-02 1.725583e-01
5.433825e-02 1.722845e-01
5.437594e-02 1.720035e-01
5.441366e-02 1.717139e-01
5.445140e-02 1.714187e-01
5.448917e-02 1.711188e-01
5.452696e-02 1.708132e-01
5.456478e-02 1.705033e-01
5.460263e-02 1.701901e-01
5.464050e-02 1.698753e-01
5.467840e-02 1.695612e-01
5.471633e-02 1.692440e-01
5.475428e-02 1.689293e-01
5.479226e-02 1.686162e-01
5.483026e-02 1.683090e-01
5.486830e-02 1.680023e-01
5.490635e-02 1.677038e-01
5.494444e-02 1.674118e-01
5.498255e-02 1.671296e-01
5.502069e-02 1.668541e-01
5.505885e-02 1.665922e-01
5.509704e-02 1.663420e-01
5.513525e-02 1.661066e-01
5.517350e-02 1.658855e-01
5.521177e-02 1.656835e-01
5.525006e-02 1.654976e-01
5.528839e-02 1.653341e-01
5.532673e-02 1.651920e-01
5.536511e-02 1.650711e-01
5.540351e-02 1.649776e-01
5.544194e-02 1.649078e-01
5.548040e-02 1.648696e-01
5.551888e-02 1.648612e-01
5.555739e-02 1.648799e-01
5.559592e-02 1.649339e-01
5.563449e-02 1.650215e-01
5.567308e-02 1.651445e-01
5.571169e-02 1.653048e-01
5.575033e-02 1.655045e-01
5.578900e-02 1.657437e-01
5.582770e-02 1.660244e-01
5.586642e-02 1.663476e-01
5.590517e-02 1.667132e-01
5.594395e-02 1.671247e-01
5.598275e-02 1.675821e-01
5.602158e-02 1.680852e-01
5.606044e-02 1.686385e-01
5.609933e-02 1.692368e-01
5.613824e-02 1.698871e-01
5.617718e-02 1.705856e-01
5.621614e-02 1.713365e-01
5.625513e-02 1.721347e-01
5.629415e-02 1.729848e-01
5.633320e-02 1.738862e-01
5.637227e-02 1.748372e-01
5.641138e-02 1.758395e-01
5.645050e-02 1.768908e-01
5.648966e-02 1.779919e-01
5.652884e-02 1.791376e-01
5.656805e-02 1.803435e-01
5.660729e-02 1.815876e-01
5.664655e-02 1.828810e-01
5.668584e-02 1.842177e-01
5.672516e-02 1.855974e-01
5.676451e-02 1.870206e-01
5.680388e-02 1.884815e-01
5.684328e-02 1.899837e-01
5.688271e-02 1.915178e-01
5.692216e-02 1.930871e-01
5.696164e-02 1.946886e-01
5.700115e-02 1.963187e-01
5.704069e-02 1.979630e-01
5.708026e-02 1.996504e-01
5.711985e-02 2.013506e-01
5.715947e-02 2.030652e-01
5.719911e-02 2.047943e-01
5.723879e-02 2.065323e-01
5.727849e-02 2.082798e-01
5.731822e-02 2.100295e-01
5.735798e-02 2.117769e-01
5.739776e-02 2.135214e-01
5.743757e-02 2.152606e-01
5.747741e-02 2.169829e-01
5.751728e-02 2.186883e-01
5.755718e-02 2.203769e-01
5.759710e-02 2.220394e-01
5.763705e-02 2.236743e-01
5.767703e-02 2.252752e-01
5.771703e-02 2.268415e-01
5.775707e-02 2.283667e-01
5.779713e-02 2.298462e-01
5.783722e-02 2.312782e-01
5.787733e-02 2.326562e-01
5.791748e-02 2.339765e-01
5.795765e-02 2.352376e-01
5.799785e-02 2.364355e-01
5.803808e-02 2.375629e-01
5.807834e-02 2.386207e-01
5.811862e-02 2.396033e-01
5.815893e-02 2.405081e-01
5.819927e-02 2.413322e-01
5.823964e-02 2.420721e-01
5.828004e-02 2.427257e-01
5.832046e-02 2.432911e-01
5.836091e-02 2.437649e-01
5.840139e-02 2.441456e-01
5.844190e-02 2.444296e-01
5.848244e-02 2.446187e-01
5.852300e-02 2.447077e-01
5.856360e-02 2.446999e-01
5.860422e-02 2.445890e-01
5.864486e-02 2.443786e-01
5.868554e-02 2.440658e-01
5.872625e-02 2.436528e-01
5.876698e-02 2.431385e-01
5.880774e-02 2.425238e-01
5.884853e-02 2.418069e-01
5.888935e-02 2.409907e-01
5.893020e-02 2.400773e-01
5.897107e-02 2.390677e-01
5.901198e-02 2.379619e-01
5.905291e-02 2.367649e-01
5.909387e-02 2.354742e-01
5.913486e-02 2.340986e-01
5.917587e-02 2.326328e-01
5.921692e-02 2.310865e-01
5.925799e-02 2.294593e-01
5.929910e-02 2.277548e-01
5.934023e-02 2.259779e-01
5.938139e-02 2.241326e-01
5.942257e-02 2.222203e-01
5.946379e-02 2.202463e-01
5.950504e-02 2.182141e-01
5.954631e-02 2.161307e-01
5.958761e-02 2.139940e-01
5.962894e-02 2.118150e-01
5.967030e-02 2.095968e-01
5.971169e-02 2.073415e-01
5.975311e-02 2.050540e-01
5.979456e-02 2.027465e-01
5.983603e-02 2.004092e-01
5.987753e-02 1.980569e-01
5.991907e-02 1.956940e-01
5.996063e-02 1.933225e-01
6.000222e-02 1.909492e-01
6.004383e-02 1.885738e-01
6.008548e-02 1.862101e-01
6.012716e-02 1.838538e-01
6.016886e-02 1.815121e-01
6.021060e-02 1.791903e-01
6.025236e-02 1.768907e-01
6.029415e-02 1.746179e-01
6.033598e-02 1.723757e-01
6.037783e-02 1.701673e-01
6.041970e-02 1.679974e-01
6.046161e-02 1.658680e-01
6.050355e-02 1.637817e-01
6.054552e-02 1.617432e-01
6.058751e-02 1.597534e-01
6.062954e-02 1.578158e-01
6.067159e-02 1.559319e-01
6.071367e-02 1.541089e-01
6.075579e-02 1.523358e-01
6.079793e-02 1.506252e-01
6.084010e-02 1.489760e-01
6.088230e-02 1.473883e-01
6.092453e-02 1.458626e-01
6.096678e-02 1.444025e-01
6.100907e-02 1.430022e-01
6.105139e-02 1.416679e-01
6.109374e-02 1.403971e-01
6.113611e-02 1.391895e-01
6.117852e-02 1.380466e-01
6.122095e-02 1.369650e-01
6.126342e-02 1.359444e-01
6.130591e-02 1.349839e-01
6.134843e-02 1.340838e-01
6.139098e-02 1.332406e-01
6.143357e-02 1.324539e-01
6.147618e-02 1.317208e-01
6.151882e-02 1.310411e-01
6.156149e-02 1.304115e-01
6.160419e-02 1.298305e-01
6.164692e-02 1.292943e-01
6.168968e-02 1.288016e-01
6.173247e-02 1.283505e-01
6.177529e-02 1.279344e-01
6.181813e-02 1.275604e-01
6.186101e-02 1.272156e-01
6.190392e-02 1.269021e-01
6.194686e-02 1.266144e-01
6.198983e-02 1.263504e-01
6.203282e-02 1.261092e-01
6.207585e-02 1.258858e-01
6.211891e-02 1.256834e-01
6.216199e-02 1.254835e-01
6.220511e-02 1.252998e-01
6.224826e-02 1.251200e-01
6.229143e-02 1.249452e-01
6.233464e-02 1.247733e-01
6.237788e-02 1.245989e-01
6.242114e-02 1.244214e-01
6.246444e-02 1.242328e-01
6.250777e-02 1.240421e-01
6.255112e-02 1.238374e-01
6.259451e-02 1.236185e-01
6.263793e-02 1.233840e-01
6.268137e-02 1.231323e-01
6.272485e-02 1.228593e-01
6.276836e-02 1.225658e-01
6.281190e-02 1.222490e-01
6.285546e-02 1.219078e-01
6.289906e-02 1.215408e-01
6.294269e-02 1.211459e-01
6.298635e-02 1.207255e-01
6.303004e-02 1.202727e-01
6.307375e-02 1.197916e-01
6.311750e-02 1.192813e-01
6.316128e-02 1.187401e-01
6.320509e-02 1.181680e-01
6.324893e-02 1.175661e-01
6.329280e-02 1.169320e-01
6.333670e-02 1.162705e-01
6.338064e-02 1.155800e-01
6.342460e-02 1.148647e-01
6.346859e-02 1.141149e-01
6.351261e-02 1.133425e-01
6.355667e-02 1.125467e-01
6.360075e-02 1.117279e-01
6.364487e-02 1.108877e-01
6.368901e-02 1.100308e-01
6.373319e-02 1.091558e-01
6.377739e-02 1.082671e-01
6.382163e-02 1.073677e-01
6.386590e-02 1.064616e-01
6.391020e-02 1.055465e-01
6.395453e-02 1.046358e-01
6.399889e-02 1.037253e-01
6.404328e-02 1.028185e-01
6.408770e-02 1.019225e-01
6.413215e-02 1.010403e-01
6.417663e-02 1.001764e-01
6.422115e-02 9.933586e-02
6.426569e-02 9.852176e-02
6.431027e-02 9.773889e-02
6.435488e-02 9.699461e-02
6.439951e-02 9.629419e-02
6.444418e-02 9.563924e-02
6.448888e-02 9.503904e-02
6.453361e-02 9.449442e-02
6.457837e-02 9.401626e-02
6.462317e-02 9.360692e-02
6.466799e-02 9.327418e-02
6.471285e-02 9.302258e-02
6.475773e-02 9.286181e-02
6.480265e-02 9.278833e-02
6.484760e-02 9.281833e-02
6.489258e-02 9.295429e-02
6.493759e-02 9.320237e-02
6.498263e-02 9.356780e-02
6.502770e-02 9.405852e-02
6.507281e-02 9.467831e-02
6.511794e-02 9.543316e-02
6.516311e-02 9.633254e-02
6.520831e-02 9.737494e-02
6.525354e-02 9.857520e-02
6.529880e-02 9.993076e-02
6.534409e-02 1.014522e-01
6.538942e-02 1.031438e-01
6.543477e-02 1.050068e-01
6.548016e-02 1.070503e-01
6.552558e-02 1.092800e-01
6.557103e-02 1.116959e-01
6.561651e-02 1.143041e-01
6.566202e-02 1.171084e-01
6.570756e-02 1.201132e-01
6.575314e-02 1.233203e-01
6.579875e-02 1.267324e-01
6.584439e-02 1.303534e-01
6.589006e-02 1.341842e-01
6.593576e-02 1.382290e-01
6.598150e-02 1.424858e-01
6.602726e-02 1.469578e-01
6.607306e-02 1.516472e-01
6.611889e-02 1.565498e-01
6.616475e-02 1.616708e-01
6.621064e-02 1.670039e-01
6.625657e-02 1.725544e-01
6.630252e-02 1.783160e-01
6.634851e-02 1.842891e-01
6.639453e-02 1.904696e-01
6.644059e-02 1.968575e-01
6.648667e-02 2.034456e-01
6.653279e-02 2.102355e-01
6.657894e-02 2.172159e-01
6.662512e-02 2.243895e-01
6.667133e-02 2.317464e-01
6.671757e-02 2.392837e-01
6.676385e-02 2.469934e-01
6.681016e-02 2.548729e-01
6.685650e-02 2.629097e-01
6.690287e-02 2.710997e-01
6.694928e-02 2.794381e-01
6.699571e-02 2.879111e-01
6.704218e-02 2.965147e-01
6.708869e-02 3.052362e-01
6.713522e-02 3.140709e-01
6.718179e-02 3.230075e-01
6.722838e-02 3.320339e-01
6.727502e-02 3.411417e-01
6.732168e-02 3.503203e-01
6.736837e-02 3.595609e-01
6.741510e-02 3.688501e-01
6.746186e-02 3.781770e-01
6.750866e-02 3.875319e-01
6.755548e-02 3.968993e-01
6.760234e-02 4.062696e-01
6.764923e-02 4.156333e-01
6.769615e-02 4.249738e-01
6.774311e-02 4.342800e-01
6.779009e-02 4.435413e-01
6.783711e-02 4.527426e-01
6.788417e-02 4.618752e-01
6.793125e-02 4.709197e-01
6.797837e-02 4.798709e-01
6.802552e-02 4.887096e-01
6.807271e-02 4.974272e-01
6.811992e-02 5.060079e-01
6.816717e-02 5.144445e-01
6.821445e-02 5.227196e-01
6.826177e-02 5.308219e-01
6.830912e-02 5.387380e-01
6.835650e-02 5.464597e-01
6.840391e-02 5.539708e-01
6.845136e-02 5.612614e-01
6.849884e-02 5.683181e-01
6.854635e-02 5.751333e-01
6.859389e-02 5.816931e-01
6.864147e-02 5.879864e-01
6.868908e-02 5.940052e-01
6.873673e-02 5.997365e-01
6.878440e-02 6.051716e-01
6.883211e-02 6.103003e-01
6.887986e-02 6.151172e-01
6.892763e-02 6.196094e-01
6.897544e-02 6.237690e-01
6.902329e-02 6.275914e-01
6.907116e-02 6.310673e-01
6.911907e-02 6.341869e-01
6.916701e-02 6.369496e-01
6.921499e-02 6.393459e-01
6.926300e-02 6.413709e-01
6.931104e-02 6.430204e-01
6.935911e-02 6.442876e-01
6.940722e-02 6.451792e-01
6.945537e-02 6.456794e-01
6.950354e-02 6.457926e-01
6.955175e-02 6.455179e-01
6.959999e-02 6.448508e-01
6.964827e-02 6.437913e-01
6.969658e-02 6.423445e-01
6.974492e-02 6.405048e-01
6.979330e-02 6.382791e-01
6.984171e-02 6.356665e-01
6.989015e-02 6.326733e-01
6.993863e-02 6.293010e-01
6.998714e-02 6.255539e-01
7.003568e-02 6.214401e-01
7.008426e-02 6.169620e-01
7.013287e-02 6.121266e-01
7.018152e-02 6.069463e-01
7.023020e-02 6.014231e-01
7.027891e-02 5.955672e-01
7.032766e-02 5.893926e-01
7.037644e-02 5.829004e-01
7.042525e-02 5.761079e-01
7.047410e-02 5.690234e-01
7.052298e-02 5.616567e-01
7.057190e-02 5.540333e-01
7.062085e-02 5.461516e-01
7.066983e-02 5.380303e-01
7.071885e-02 5.296840e-01
7.076790e-02 5.211207e-01
7.081699e-02 5.123634e-01
7.086611e-02 5.034243e-01
7.091526e-02 4.943202e-01
7.096445e-02 4.850647e-01
7.101367e-02 4.756739e-01
7.106293e-02 4.661656e-01
7.111222e-02 4.565558e-01
7.116154e-02 4.468651e-01
7.121090e-02 4.371030e-01
7.126030e-02 4.272921e-01
7.130972e-02 4.174464e-01
7.135919e-02 4.075843e-01
7.140868e-02 3.977221e-01
7.145821e-02 3.878761e-01
7.150778e-02 3.780641e-01
7.155738e-02 3.683013e-01
7.160701e-02 3.586026e-01
7.165668e-02 3.489874e-01
7.170638e-02 3.394691e-01
7.175612e-02 3.300601e-01
7.180589e-02 3.207803e-01
7.185569e-02 3.116378e-01
7.190553e-02 3.026520e-01
7.195541e-02 2.938305e-01
7.200532e-02 2.851896e-01
7.205526e-02 2.767411e-01
7.210524e-02 2.684928e-01
7.215526e-02 2.604550e-01
7.220530e-02 2.526476e-01
7.225539e-02 2.450686e-01
7.230550e-02 2.377273e-01
7.235566e-02 2.306361e-01
7.240584e-02 2.237974e-01
7.245607e-02 2.172193e-01
7.250632e-02 2.109047e-01
7.255662e-02 2.048625e-01
7.260694e-02 1.990891e-01
7.265730e-02 1.935941e-01
7.270770e-02 1.883761e-01
7.275813e-02 1.834371e-01
7.280860e-02 1.787735e-01
7.285910e-02 1.743893e-01
7.290964e-02 1.702813e-01
7.296021e-02 1.664479e-01
7.301081e-02 1.628789e-01
7.306146e-02 1.595877e-01
7.311213e-02 1.565559e-01
7.316284e-02 1.537789e-01
7.321359e-02 1.512586e-01
7.326437e-02 1.489789e-01
7.331519e-02 1.469407e-01
7.336604e-02 1.451330e-01
7.341693e-02 1.435497e-01
7.346786e-02 1.421816e-01
7.351881e-02 1.410191e-01
7.356981e-02 1.400525e-01
7.362084e-02 1.392750e-01
7.367190e-02 1.386729e-01
7.372300e-02 1.382391e-01
7.377414e-02 1.379598e-01
7.382531e-02 1.378284e-01
7.387652e-02 1.378335e-01
7.392776e-02 1.379647e-01
7.397904e-02 1.382044e-01
7.403035e-02 1.385515e-01
7.408170e-02 1.389881e-01
7.413308e-02 1.395090e-01
7.418450e-02 1.400991e-01
7.423596e-02 1.407524e-01
7.428745e-02 1.414540e-01
7.433898e-02 1.422010e-01
7.439054e-02 1.429761e-01
7.444214e-02 1.437764e-01
7.449377e-02 1.445870e-01
7.454544e-02 1.454027e-01
7.459715e-02 1.462171e-01
7.464889e-02 1.470216e-01
7.470067e-02 1.478070e-01
7.475248e-02 1.485661e-01
7.480433e-02 1.492972e-01
7.485622e-02 1.499913e-01
7.490814e-02 1.506456e-01
7.496010e-02 1.512517e-01
7.501209e-02 1.518100e-01
7.506412e-02 1.523148e-01
7.511619e-02 1.527560e-01
7.516829e-02 1.531532e-01
7.522043e-02 1.534825e-01
7.527260e-02 1.537504e-01
7.532481e-02 1.539597e-01
7.537706e-02 1.541032e-01
7.542934e-02 1.541882e-01
7.548166e-02 1.542087e-01
7.553402e-02 1.541740e-01
7.558641e-02 1.540808e-01
7.563884e-02 1.539300e-01
7.569130e-02 1.537294e-01
7.574380e-02 1.534795e-01
7.579634e-02 1.531833e-01
7.584891e-02 1.528445e-01
7.590152e-02 1.524734e-01
7.595417e-02 1.520605e-01
7.600685e-02 1.516243e-01
7.605957e-02 1.511603e-01
7.611233e-02 1.506812e-01
7.616512e-02 1.501883e-01
7.621795e-02 1.496866e-01
7.627082e-02 1.491810e-01
7.632372e-02 1.486767e-01
7.637666e-02 1.481794e-01
7.642964e-02 1.476995e-01
7.648265e-02 1.472262e-01
7.653570e-02 1.467815e-01
7.658879e-02 1.463624e-01
7.664191e-02 1.459752e-01
7.669507e-02 1.456231e-01
7.674827e-02 1.453111e-01
7.680150e-02 1.450430e-01
7.685477e-02 1.448205e-01
7.690808e-02 1.446483e-01
7.696142e-02 1.445272e-01
7.701481e-02 1.444604e-01
7.706823e-02 1.444552e-01
7.712168e-02 1.445035e-01
7.717517e-02 1.446124e-01
7.722870e-02 1.447796e-01
7.728227e-02 1.450063e-01
7.733588e-02 1.452924e-01
7.738952e-02 1.456362e-01
7.744320e-02 1.460390e-01
7.749691e-02 1.464975e-01
7.755067e-02 1.470074e-01
7.760446e-02 1.475693e-01
7.765828e-02 1.481799e-01
7.771215e-02 1.488347e-01
7.776605e-02 1.495292e-01
7.781999e-02 1.502634e-01
7.787397e-02 1.510315e-01
7.792798e-02 1.518244e-01
7.798204e-02 1.526443e-01
7.803613e-02 1.534808e-01
7.809025e-02 1.543344e-01
7.814442e-02 1.551912e-01
7.819862e-02 1.560539e-01
7.825286e-02 1.569138e-01
7.830714e-02 1.577662e-01
7.836145e-02 1.586046e-01
7.841581e-02 1.594256e-01
7.847020e-02 1.602228e-01
7.852463e-02 1.609910e-01
7.857909e-02 1.617253e-01
7.863360e-02 1.624220e-01
7.868814e-02 1.630745e-01
7.874272e-02 1.636828e-01
7.879733e-02 1.642404e-01
7.885199e-02 1.647389e-01
7.890668e-02 1.651861e-01
7.896141e-02 1.655681e-01
7.901618e-02 1.658908e-01
7.907099e-02 1.661498e-01
7.912584e-02 1.663437e-01
7.918072e-02 1.664696e-01
7.923564e-02 1.665313e-01
7.929060e-02 1.665256e-01
7.934560e-02 1.664536e-01
7.940063e-02 1.663200e-01
7.945571e-02 1.661179e-01
7.951082e-02 1.658566e-01
7.956597e-02 1.655369e-01
7.962116e-02 1.651610e-01
7.967638e-02 1.647350e-01
7.973165e-02 1.642554e-01
7.978695e-02 1.637352e-01
7.984229e-02 1.631695e-01
7.989767e-02 1.625710e-01
7.995309e-02 1.619418e-01
8.000855e-02 1.612864e-01
8.006404e-02 1.606099e-01
8.011958e-02 1.599206e-01
8.017515e-02 1.592193e-01
8.023076e-02 1.585183e-01
8.028641e-02 1.578180e-01
8.034210e-02 1.571198e-01
8.039783e-02 1.564408e-01
8.045359e-02 1.557775e-01
8.050940e-02 1.551397e-01
8.056524e-02 1.545305e-01
8.062112e-02 1.539548e-01
8.067704e-02 1.534183e-01
8.073300e-02 1.529246e-01
8.078900e-02 1.524769e-01
8.084503e-02 1.520792e-01
8.090111e-02 1.517345e-01
8.095722e-02 1.514455e-01
8.101338e-02 1.512187e-01
8.106957e-02 1.510437e-01
8.112580e-02 1.509323e-01
8.118207e-02 1.508809e-01
8.123838e-02 1.508926e-01
8.129473e-02 1.509654e-01
8.135112e-02 1.510964e-01
8.140754e-02 1.512871e-01
8.146401e-02 1.515320e-01
8.152052e-02 1.518337e-01
8.157706e-02 1.521821e-01
8.163364e-02 1.525798e-01
8.169027e-02 1.530204e-01
8.174693e-02 1.534992e-01
8.180363e-02 1.540130e-01
8.186037e-02 1.545535e-01
8.191715e-02 1.551159e-01
8.197397e-02 1.556963e-01
8.203083e-02 1.562883e-01
8.208773e-02 1.568842e-01
8.214466e-02 1.574785e-01
8.220164e-02 1.580627e-01
8.225866e-02 1.586349e-01
8.231571e-02 1.591830e-01
8.237281e-02 1.597031e-01
8.242994e-02 1.601864e-01
8.248712e-02 1.606310e-01
8.254433e-02 1.610265e-01
8.260159e-02 1.613693e-01
8.265888e-02 1.616506e-01
8.271622e-02 1.618649e-01
8.277359e-02 1.620123e-01
8.283100e-02 1.620817e-01
8.288846e-02 1.620738e-01
8.294595e-02 1.619808e-01
8.300348e-02 1.618100e-01
8.306105e-02 1.615367e-01
8.311867e-02 1.611795e-01
8.317632e-02 1.607223e-01
8.323401e-02 1.601805e-01
8.329174e-02 1.595377e-01
8.334952e-02 1.588020e-01
8.340733e-02 1.579726e-01
8.346518e-02 1.570523e-01
8.352308e-02 1.560409e-01
8.358101e-02 1.549422e-01
8.363898e-02 1.537620e-01
8.369700e-02 1.524957e-01
8.375505e-02 1.511577e-01
8.381314e-02 1.497475e-01
8.387128e-02 1.482713e-01
8.392945e-02 1.467380e-01
8.398767e-02 1.451534e-01
8.404592e-02 1.435165e-01
8.410422e-02 1.418447e-01
8.416256e-02 1.401406e-01
8.422093e-02 1.384124e-01
8.427935e-02 1.366686e-01
8.433781e-02 1.349168e-01
8.439631e-02 1.331662e-01
8.445484e-02 1.314244e-01
8.451342e-02 1.296982e-01
8.457204e-02 1.279994e-01
8.463070e-02 1.263319e-01
8.468941e-02 1.247068e-01
8.474815e-02 1.231298e-01
8.480693e-02 1.216105e-01
8.486575e-02 1.201534e-01
8.492462e-02 1.187661e-01
8.498352e-02 1.174557e-01
8.504247e-02 1.162294e-01
8.510146e-02 1.150887e-01
8.516049e-02 1.140397e-01
8.521955e-02 1.130925e-01
8.527866e-02 1.122406e-01
8.533782e-02 1.114948e-01
8.539701e-02 1.108527e-01
8.545624e-02 1.103212e-01
8.551551e-02 1.098938e-01
8.557483e-02 1.095788e-01
8.563419e-02 1.093716e-01
8.569358e-02 1.092709e-01
8.575302e-02 1.092814e-01
8.581250e-02 1.093864e-01
8.587202e-02 1.095974e-01
8.593159e-02 1.099074e-01
8.599119e-02 1.103088e-01
8.605083e-02 1.107993e-01
8.611052e-02 1.113744e-01
8.617025e-02 1.120269e-01
8.623002e-02 1.127524e-01
8.628983e-02 1.135394e-01
8.634968e-02 1.143932e-01
8.640957e-02 1.152982e-01
8.646951e-02 1.162459e-01
8.652949e-02 1.172261e-01
8.658951e-02 1.182485e-01
8.664957e-02 1.192896e-01
8.670967e-02 1.203450e-01
8.676981e-02 1.214110e-01
8.683000e-02 1.224765e-01
8.689022e-02 1.235368e-01
8.695049e-02 1.245841e-01
8.701080e-02 1.256125e-01
8.707115e-02 1.266150e-01
8.713155e-02 1.275861e-01
8.719198e-02 1.285208e-01
8.725246e-02 1.294126e-01
8.731298e-02 1.302593e-01
8.737354e-02 1.310497e-01
8.743415e-02 1.317970e-01
8.749479e-02 1.324782e-01
8.755548e-02 1.331037e-01
8.761621e-02 1.336665e-01
8.767698e-02 1.341661e-01
8.773780e-02 1.346016e-01
8.779866e-02 1.349748e-01
8.785955e-02 1.352851e-01
8.792050e-02 1.355320e-01
8.798148e-02 1.357183e-01
8.804250e-02 1.358436e-01
8.810357e-02 1.359162e-01
8.816468e-02 1.359338e-01
8.822584e-02 1.359015e-01
8.828703e-02 1.358207e-01
8.834827e-02 1.357035e-01
8.840955e-02 1.355459e-01
8.847087e-02 1.353533e-01
8.853224e-02 1.351337e-01
8.859364e-02 1.348935e-01
8.865509e-02 1.346341e-01
8.871659e-02 1.343612e-01
8.877812e-02 1.340824e-01
8.883970e-02 1.338001e-01
8.890132e-02 1.335211e-01
8.896298e-02 1.332523e-01
8.902469e-02 1.329974e-01
8.908644e-02 1.327577e-01
8.914823e-02 1.325413e-01
8.921007e-02 1.323524e-01
8.927194e-02 1.321937e-01
8.933387e-02 1.320684e-01
8.939583e-02 1.319806e-01
8.945784e-02 1.319340e-01
8.951989e-02 1.319289e-01
8.958198e-02 1.319692e-01
8.964411e-02 1.320568e-01
8.970629e-02 1.321882e-01
8.976851e-02 1.323679e-01
8.983078e-02 1.325959e-01
8.989309e-02 1.328693e-01
8.995544e-02 1.331939e-01
9.001783e-02 1.335627e-01
9.008027e-02 1.339736e-01
9.014275e-02 1.344295e-01
9.020528e-02 1.349228e-01
9.026785e-02 1.354579e-01
9.033046e-02 1.360195e-01
9.039311e-02 1.366140e-01
9.045581e-02 1.372371e-01
9.051855e-02 1.378838e-01
9.058134e-02 1.385502e-01
9.064417e-02 1.392324e-01
9.070704e-02 1.399304e-01
9.076996e-02 1.406305e-01
9.083292e-02 1.413368e-01
9.089592e-02 1.420435e-01
9.095897e-02 1.427421e-01
9.102206e-02 1.434417e-01
9.108519e-02 1.441272e-01
9.114837e-02 1.448039e-01
9.121159e-02 1.454569e-01
9.127486e-02 1.460926e-01
9.133817e-02 1.467081e-01
9.140152e-02 1.473008e-01
9.146492e-02 1.478704e-01
9.152836e-02 1.484145e-01
9.159185e-02 1.489344e-01
9.165538e-02 1.494315e-01
9.171895e-02 1.499025e-01
9.178257e-02 1.503528e-01
9.184623e-02 1.507842e-01
9.190994e-02 1.511980e-01
9.197369e-02 1.515966e-01
9.203748e-02 1.519898e-01
9.210132e-02 1.523708e-01
9.216520e-02 1.527552e-01
9.222913e-02 1.531452e-01
9.229310e-02 1.535452e-01
9.235712e-02 1.539659e-01
9.242118e-02 1.544101e-01
9.248529e-02 1.548890e-01
9.254944e-02 1.554105e-01
9.261363e-02 1.559791e-01
9.267787e-02 1.566061e-01
9.274215e-02 1.573020e-01
9.280648e-02 1.580761e-01
9.287085e-02 1.589367e-01
9.293527e-02 1.598956e-01
9.299973e-02 1.609605e-01
9.306424e-02 1.621421e-01
9.312879e-02 1.634516e-01
9.319338e-02 1.648973e-01
9.325802e-02 1.664929e-01
9.332271e-02 1.682397e-01
9.338744e-02 1.701570e-01
9.345222e-02 1.722435e-01
9.351704e-02 1.745149e-01
9.358190e-02 1.769805e-01
9.364681e-02 1.796425e-01
9.371177e-02 1.825136e-01
9.377677e-02 1.855958e-01
9.384181e-02 1.888970e-01
9.390690e-02 1.924231e-01
9.397204e-02 1.961766e-01
9.403722e-02 2.001631e-01
9.410244e-02 2.043826e-01
9.416772e-02 2.088398e-01
9.423303e-02 2.135355e-01
9.429839e-02 2.184652e-01
9.436380e-02 2.236346e-01
9.442925e-02 2.290372e-01
9.449475e-02 2.346702e-01
9.456029e-02 2.405316e-01
9.462588e-02 2.466138e-01
9.469152e-02 2.529116e-01
9.475720e-02 2.594188e-01
9.482292e-02 2.661240e-01
9.488869e-02 2.730194e-01
9.495451e-02 2.800939e-01
9.502037e-02 2.873370e-01
9.508628e-02 2.947342e-01
9.515223e-02 3.022712e-01
9.521823e-02 3.099354e-01
9.528428e-02 3.177096e-01
9.535037e-02 3.255767e-01
9.541651e-02 3.335209e-01
9.548269e-02 3.415231e-01
9.554892e-02 3.495624e-01
9.561519e-02 3.576217e-01
9.568151e-02 3.656768e-01
9.574788e-02 3.737103e-01
9.581429e-02 3.817024e-01
9.588075e-02 3.896211e-01
9.594726e-02 3.974562e-01
9.601381e-02 4.051787e-01
9.608040e-02 4.127670e-01
9.614705e-02 4.201990e-01
9.621374e-02 4.274532e-01
9.628047e-02 4.345032e-01
9.634725e-02 4.413318e-01
9.641408e-02 4.479102e-01
9.648096e-02 4.542282e-01
9.654788e-02 4.602584e-01
9.661484e-02 4.659749e-01
9.668186e-02 4.713715e-01
9.674892e-02 4.764177e-01
9.681603e-02 4.811046e-01
9.688318e-02 4.854115e-01
9.695038e-02 4.893269e-01
9.701763e-02 4.928344e-01
9.708492e-02 4.959223e-01
9.715226e-02 4.985819e-01
9.721965e-02 5.008005e-01
9.728708e-02 5.025749e-01
9.735456e-02 5.038935e-01
9.742209e-02 5.047554e-01
9.748966e-02 5.051571e-01
9.755728e-02 5.050957e-01
9.762495e-02 5.045772e-01
9.769266e-02 5.036001e-01
9.776042e-02 5.021666e-01
9.782823e-02 5.002874e-01
9.789609e-02 4.979627e-01
9.796399e-02 4.952091e-01
9.803194e-02 4.920297e-01
9.809994e-02 4.884467e-01
9.816798e-02 4.844670e-01
9.823607e-02 4.800997e-01
9.830421e-02 4.753688e-01
9.837240e-02 4.702892e-01
9.844063e-02 4.648783e-01
9.850891e-02 4.591565e-01
9.857724e-02 4.531409e-01
9.864561e-02 4.468515e-01
9.871403e-02 4.403114e-01
9.878250e-02 4.335424e-01
9.885102e-02 4.265630e-01
9.891959e-02 4.193974e-01
9.898820e-02 4.120616e-01
9.905686e-02 4.045882e-01
9.912557e-02 3.969942e-01
9.919432e-02 3.892930e-01
9.926312e-02 3.815132e-01
9.933198e-02 3.736756e-01
9.940087e-02 3.657980e-01
9.946982e-02 3.578992e-01
9.953881e-02 3.500004e-01
9.960786e-02 3.421181e-01
9.967695e-02 3.342698e-01
9.974608e-02 3.264705e-01
9.981527e-02 3.187394e-01
9.988450e-02 3.110876e-01
9.995379e-02 3.035312e-01
1.000231e-01 2.960801e-01
1.000925e-01 2.887505e-01
1.001619e-01 2.815512e-01
1.002314e-01 2.744904e-01
1.003009e-01 2.675842e-01
1.003705e-01 2.608345e-01
1.004401e-01 2.542561e-01
1.005098e-01 2.478476e-01
1.005795e-01 2.416190e-01
1.006493e-01 2.355776e-01
1.007191e-01 2.297242e-01
1.007889e-01 2.240674e-01
1.008588e-01 2.186078e-01
1.009288e-01 2.133481e-01
1.009988e-01 2.082921e-01
1.010689e-01 2.034383e-01
1.011390e-01 1.987898e-01
1.012091e-01 1.943478e-01
1.012793e-01 1.901077e-01
1.013496e-01 1.860740e-01
1.014199e-01 1.822430e-01
1.014902e-01 1.786102e-01
1.015606e-01 1.751771e-01
1.016310e-01 1.719379e-01
1.017015e-01 1.688921e-01
1.017721e-01 1.660317e-01
1.018427e-01 1.633554e-01
1.019133e-01 1.608555e-01
1.019840e-01 1.585333e-01
1.020547e-01 1.563681e-01
1.021255e-01 1.543677e-01
1.021964e-01 1.525178e-01
1.022672e-01 1.508165e-01
1.023382e-01 1.492512e-01
1.024092e-01 1.478159e-01
1.024802e-01 1.465025e-01
1.025513e-01 1.453017e-01
1.026224e-01 1.442045e-01
1.026936e-01 1.432020e-01
1.027648e-01 1.422860e-01
1.028361e-01 1.414484e-01
1.029074e-01 1.406767e-01
1.029788e-01 1.399636e-01
1.030502e-01 1.392988e-01
1.031217e-01 1.386789e-01
1.031932e-01 1.380910e-01
1.032648e-01 1.375258e-01
1.033364e-01 1.369804e-01
1.034081e-01 1.364448e-01
1.034798e-01 1.359123e-01
1.035516e-01 1.353782e-01
1.036234e-01 1.348332e-01
1.036953e-01 1.342771e-01
1.037672e-01 1.337034e-01
1.038392e-01 1.331092e-01
1.039112e-01 1.324964e-01
1.039833e-01 1.318552e-01
1.040554e-01 1.311895e-01
1.041276e-01 1.304966e-01
1.041998e-01 1.297743e-01
1.042721e-01 1.290293e-01
1.043444e-01 1.282587e-01
1.044168e-01 1.274645e-01
1.044892e-01 1.266502e-01
1.045617e-01 1.258159e-01
1.046342e-01 1.249714e-01
1.047068e-01 1.241100e-01
1.047794e-01 1.232435e-01
1.048521e-01 1.223724e-01
1.049249e-01 1.215012e-01
1.049976e-01 1.206326e-01
1.050705e-01 1.197730e-01
1.051433e-01 1.189214e-01
1.052163e-01 1.180851e-01
1.052892e-01 1.172659e-01
1.053623e-01 1.164667e-01
1.054354e-01 1.156916e-01
1.055085e-01 1.149388e-01
1.055817e-01 1.142147e-01
1.056549e-01 1.135179e-01
1.057282e-01 1.128490e-01
1.058015e-01 1.122097e-01
1.058749e-01 1.116005e-01
1.059484e-01 1.110203e-01
1.060218e-01 1.104698e-01
1.060954e-01 1.099452e-01
1.061690e-01 1.094464e-01
1.062426e-01 1.089746e-01
1.063163e-01 1.085275e-01
1.063900e-01 1.081004e-01
1.064638e-01 1.076942e-01
1.065377e-01 1.073058e-01
1.066116e-01 1.069340e-01
1.066855e-01 1.065779e-01
1.067595e-01 1.062361e-01
1.068336e-01 1.059080e-01
1.069077e-01 1.055908e-01
1.069818e-01 1.052864e-01
1.070560e-01 1.049931e-01
1.071303e-01 1.047126e-01
1.072046e-01 1.044445e-01
1.072790e-01 1.041931e-01
1.073534e-01 1.039516e-01
1.074278e-01 1.037313e-01
1.075023e-01 1.035299e-01
1.075769e-01 1.033525e-01
1.076515e-01 1.032007e-01
1.077262e-01 1.030781e-01
1.078009e-01 1.029862e-01
1.078757e-01 1.029375e-01
1.079505e-01 1.029287e-01
1.080254e-01 1.029631e-01
1.081003e-01 1.030492e-01
1.081753e-01 1.031900e-01
1.082503e-01 1.033885e-01
1.083254e-01 1.036518e-01
1.084006e-01 1.039792e-01
1.084757e-01 1.043807e-01
1.085510e-01 1.048481e-01
1.086263e-01 1.054026e-01
1.087016e-01 1.060311e-01
1.087770e-01 1.067386e-01
1.088525e-01 1.075312e-01
1.089280e-01 1.084043e-01
1.090035e-01 1.093619e-01
1.090791e-01 1.104033e-01
1.091548e-01 1.115261e-01
1.092305e-01 1.127298e-01
1.093063e-01 1.140113e-01
1.093821e-01 1.153694e-01
1.094580e-01 1.168023e-01
1.095339e-01 1.183043e-01
1.096099e-01 1.198738e-01
1.096859e-01 1.215008e-01
1.097620e-01 1.231872e-01
1.098381e-01 1.249252e-01
1.099143e-01 1.267093e-01
1.099905e-01 1.285328e-01
1.100668e-01 1.303939e-01
1.101432e-01 1.322822e-01
1.102195e-01 1.341933e-01
1.102960e-01 1.361246e-01
1.103725e-01 1.380688e-01
1.104491e-01 1.400189e-01
1.105257e-01 1.419719e-01
1.106023e-01 1.439216e-01
1.106790e-01 1.458614e-01
1.107558e-01 1.477911e-01
1.108326e-01 1.497089e-01
1.109095e-01 1.515999e-01
1.109864e-01 1.534703e-01
1.110634e-01 1.553141e-01
1.111405e-01 1.571298e-01
1.112175e-01 1.589152e-01
1.112947e-01 1.606691e-01
1.113719e-01 1.623899e-01
1.114491e-01 1.640773e-01
1.115264e-01 1.657290e-01
1.116038e-01 1.673470e-01
1.116812e-01 1.689300e-01
1.117587e-01 1.704790e-01
1.118362e-01 1.719939e-01
1.119138e-01 1.734757e-01
1.119914e-01 1.749263e-01
1.120691e-01 1.763450e-01
1.121468e-01 1.777366e-01
1.122246e-01 1.790971e-01
1.123024e-01 1.804304e-01
1.123803e-01 1.817357e-01
1.124583e-01 1.830149e-01
1.125363e-01 1.842680e-01
1.126143e-01 1.854943e-01
1.126924e-01 1.866943e-01
1.127706e-01 1.878667e-01
1.128488e-01 1.890107e-01
1.129271e-01 1.901247e-01
1.130054e-01 1.912083e-01
1.130838e-01 1.922577e-01
1.131623e-01 1.932713e-01
1.132407e-01 1.942436e-01
1.133193e-01 1.951692e-01
1.133979e-01 1.960509e-01
1.134765e-01 1.968792e-01
1.135553e-01 1.976510e-01
1.136340e-01 1.983563e-01
1.137128e-01 1.989941e-01
1.137917e-01 1.995594e-01
1.138706e-01 2.000392e-01
1.139496e-01 2.004341e-01
1.140287e-01 2.007374e-01
1.141078e-01 2.009377e-01
1.141869e-01 2.010317e-01
1.142661e-01 2.010152e-01
1.143454e-01 2.008790e-01
1.144247e-01 2.006223e-01
1.145040e-01 2.002327e-01
1.145835e-01 1.997146e-01
1.146629e-01 1.990577e-01
1.147425e-01 1.982633e-01
1.148221e-01 1.973262e-01
1.149017e-01 1.962463e-01
1.149814e-01 1.950226e-01
1.150612e-01 1.936566e-01
1.151410e-01 1.921490e-01
1.152208e-01 1.905026e-01
1.153007e-01 1.887192e-01
1.153807e-01 1.868052e-01
1.154607e-01 1.847660e-01
1.155408e-01 1.826071e-01
1.156210e-01 1.803357e-01
1.157012e-01 1.779638e-01
1.157814e-01 1.754955e-01
1.158617e-01 1.729440e-01
1.159421e-01 1.703183e-01
1.160225e-01 1.676322e-01
1.161030e-01 1.648940e-01
1.161835e-01 1.621190e-01
1.162641e-01 1.593174e-01
1.163448e-01 1.565028e-01
1.164255e-01 1.536897e-01
1.165062e-01 1.508880e-01
1.165870e-01 1.481101e-01
1.166679e-01 1.453699e-01
1.167488e-01 1.426774e-01
1.168298e-01 1.400483e-01
1.169108e-01 1.374865e-01
1.169919e-01 1.350060e-01
1.170731e-01 1.326128e-01
1.171543e-01 1.303185e-01
1.172355e-01 1.281275e-01
1.173168e-01 1.260494e-01
1.173982e-01 1.240850e-01
1.174796e-01 1.222408e-01
1.175611e-01 1.205204e-01
1.176427e-01 1.189240e-01
1.177243e-01 1.174525e-01
1.178059e-01 1.161074e-01
1.178876e-01 1.148862e-01
1.179694e-01 1.137849e-01
1.180512e-01 1.128027e-01
1.181331e-01 1.119337e-01
1.182151e-01 1.111747e-01
1.182971e-01 1.105188e-01
1.183791e-01 1.099607e-01
1.184612e-01 1.094932e-01
1.185434e-01 1.091067e-01
1.186256e-01 1.087954e-01
1.187079e-01 1.085513e-01
1.187902e-01 1.083664e-01
1.188726e-01 1.082331e-01
1.189551e-01 1.081403e-01
1.190376e-01 1.080832e-01
1.191201e-01 1.080521e-01
1.192028e-01 1.080390e-01
1.192855e-01 1.080405e-01
1.193682e-01 1.080461e-01
1.194510e-01 1.080490e-01
1.195338e-01 1.080485e-01
1.196168e-01 1.080367e-01
1.196997e-01 1.080086e-01
1.197827e-01 1.079658e-01
1.198658e-01 1.079071e-01
1.199490e-01 1.078119e-01
1.200322e-01 1.077019e-01
1.201154e-01 1.075693e-01
1.201987e-01 1.074160e-01
1.202821e-01 1.072429e-01
1.203655e-01 1.070516e-01
1.204490e-01 1.068472e-01
1.205326e-01 1.066329e-01
1.206162e-01 1.064137e-01
1.206998e-01 1.061940e-01
1.207836e-01 1.059803e-01
1.208673e-01 1.057780e-01
1.209512e-01 1.055936e-01
1.210351e-01 1.054335e-01
1.211190e-01 1.053087e-01
1.212030e-01 1.052123e-01
1.212871e-01 1.051646e-01
1.213712e-01 1.051661e-01
1.214554e-01 1.052211e-01
1.215397e-01 1.053399e-01
1.216240e-01 1.055231e-01
1.217083e-01 1.057751e-01
1.217927e-01 1.061019e-01
1.218772e-01 1.065039e-01
1.219618e-01 1.069818e-01
1.220463e-01 1.075281e-01
1.221310e-01 1.081742e-01
1.222157e-01 1.088864e-01
1.223005e-01 1.096730e-01
1.223853e-01 1.105291e-01
1.224702e-01 1.114539e-01
1.225552e-01 1.124405e-01
1.226402e-01 1.134830e-01
1.227252e-01 1.145750e-01
1.228103e-01 1.157083e-01
1.228955e-01 1.168730e-01
1.229808e-01 1.180621e-01
1.230661e-01 1.192654e-01
1.231514e-01 1.204733e-01
1.232369e-01 1.216745e-01
1.233223e-01 1.228575e-01
1.234079e-01 1.240124e-01
1.234935e-01 1.251326e-01
1.235791e-01 1.262013e-01
1.236648e-01 1.272118e-01
1.237506e-01 1.281511e-01
1.238365e-01 1.290157e-01
1.239224e-01 1.297919e-01
1.240083e-01 1.304714e-01
1.240943e-01 1.310490e-01
1.241804e-01 1.315177e-01
1.242665e-01 1.318676e-01
1.243527e-01 1.321019e-01
1.244390e-01 1.322096e-01
1.245253e-01 1.321907e-01
1.246117e-01 1.320425e-01
1.246981e-01 1.317641e-01
1.247846e-01 1.313561e-01
1.248711e-01 1.308066e-01
1.249578e-01 1.301548e-01
1.250444e-01 1.293642e-01
1.251312e-01 1.284524e-01
1.252180e-01 1.274259e-01
1.253048e-01 1.262859e-01
1.253917e-01 1.250409e-01
1.254787e-01 1.236966e-01
1.255657e-01 1.222589e-01
1.256528e-01 1.207367e-01
1.257400e-01 1.191385e-01
1.258272e-01 1.174701e-01
1.259145e-01 1.157418e-01
1.260018e-01 1.139613e-01
1.260892e-01 1.121381e-01
1.261767e-01 1.102830e-01
1.262642e-01 1.084027e-01
1.263518e-01 1.065082e-01
1.264394e-01 1.046071e-01
1.265271e-01 1.027096e-01
1.266149e-01 1.008250e-01
1.267027e-01 9.896236e-02
1.267906e-01 9.712959e-02
1.268785e-01 9.533692e-02
1.269665e-01 9.359223e-02
1.270546e-01 9.190268e-02
1.271427e-01 9.027850e-02
1.272309e-01 8.872207e-02
1.273192e-01 8.724672e-02
1.274075e-01 8.585544e-02
1.274958e-01 8.455773e-02
1.275843e-01 8.335657e-02
1.276728e-01 8.226035e-02
1.277613e-01 8.127252e-02
1.278499e-01 8.039619e-02
1.279386e-01 7.963763e-02
1.280274e-01 7.899788e-02
1.281162e-01 7.848296e-02
1.282050e-01 7.809096e-02
1.282940e-01 7.782397e-02
1.283829e-01 7.768366e-02
1.284720e-01 7.766697e-02
1.285611e-01 7.777389e-02
1.286503e-01 7.800078e-02
1.287395e-01 7.834557e-02
1.288288e-01 7.880244e-02
1.289182e-01 7.936833e-02
1.290076e-01 8.003609e-02
1.290971e-01 8.079959e-02
1.291866e-01 8.164527e-02
1.292762e-01 8.257148e-02
1.293659e-01 8.356552e-02
1.294556e-01 8.461756e-02
1.295454e-01 8.571443e-02
1.296353e-01 8.684970e-02
1.297252e-01 8.800751e-02
1.298152e-01 8.917684e-02
1.299052e-01 9.034483e-02
1.299953e-01 9.149663e-02
1.300855e-01 9.262676e-02
1.301757e-01 9.371991e-02
1.302660e-01 9.476312e-02
1.303563e-01 9.574725e-02
1.304468e-01 9.666114e-02
1.305372e-01 9.749489e-02
1.306278e-01 9.824310e-02
1.307184e-01 9.889504e-02
1.308091e-01 9.944957e-02
1.308998e-01 9.989754e-02
1.309906e-01 1.002364e-01
1.310814e-01 1.004705e-01
1.311724e-01 1.005934e-01
1.312633e-01 1.006088e-01
1.313544e-01 1.005199e-01
1.314455e-01 1.003326e-01
1.315367e-01 1.000530e-01
1.316279e-01 9.968483e-02
1.317192e-01 9.924059e-02
1.318106e-01 9.873018e-02
1.319020e-01 9.817035e-02
1.319935e-01 9.755586e-02
1.320850e-01 9.691350e-02
1.321767e-01 9.625241e-02
1.322683e-01 9.558901e-02
1.323601e-01 9.493282e-02
1.324519e-01 9.429677e-02
1.325438e-01 9.369794e-02
1.326357e-01 9.314498e-02
1.327277e-01 9.265302e-02
1.328198e-01 9.223237e-02
1.329119e-01 9.188922e-02
1.330041e-01 9.163904e-02
1.330963e-01 9.148610e-02
1.331887e-01 9.143915e-02
1.332810e-01 9.150212e-02
1.333735e-01 9.167998e-02
1.334660e-01 9.197447e-02
1.335586e-01 9.238825e-02
1.336512e-01 9.292111e-02
1.337439e-01 9.357060e-02
1.338367e-01 9.433530e-02
1.339295e-01 9.521419e-02
1.340224e-01 9.619697e-02
1.341154e-01 9.728552e-02
1.342084e-01 9.846803e-02
1.343015e-01 9.974040e-02
1.343946e-01 1.010999e-01
1.344878e-01 1.025373e-01
1.345811e-01 1.040369e-01
1.346745e-01 1.056004e-01
1.347679e-01 1.072222e-01
1.348614e-01 1.088904e-01
1.349549e-01 1.105972e-01
1.350485e-01 1.123420e-01
1.351422e-01 1.141139e-01
1.352359e-01 1.159111e-01
1.353297e-01 1.177240e-01
1.354236e-01 1.195521e-01
1.355175e-01 1.213895e-01
1.356115e-01 1.232323e-01
1.357056e-01 1.250782e-01
1.357997e-01 1.269252e-01
1.358939e-01 1.287684e-01
1.359882e-01 1.306051e-01
1.360825e-01 1.324347e-01
1.361769e-01 1.342563e-01
1.362713e-01 1.360648e-01
1.363659e-01 1.378601e-01
1.364604e-01 1.396402e-01
1.365551e-01 1.414019e-01
1.366498e-01 1.431425e-01
1.367446e-01 1.448616e-01
1.368394e-01 1.465541e-01
1.369344e-01 1.482183e-01
1.370293e-01 1.498528e-01
1.371244e-01 1.514480e-01
1.372195e-01 1.530126e-01
1.373147e-01 1.545346e-01
1.374099e-01 1.560144e-01
1.375052e-01 1.574470e-01
1.376006e-01 1.588330e-01
1.376960e-01 1.601655e-01
1.377916e-01 1.614490e-01
1.378871e-01 1.626765e-01
1.379828e-01 1.638489e-01
1.380785e-01 1.649655e-01
1.381743e-01 1.660243e-01
1.382701e-01 1.670239e-01
1.383660e-01 1.679703e-01
1.384620e-01 1.688603e-01
1.385580e-01 1.696920e-01
1.386541e-01 1.704708e-01
1.387503e-01 1.711936e-01
1.388465e-01 1.718652e-01
1.389428e-01 1.724840e-01
1.390392e-01 1.730508e-01
1.391357e-01 1.735621e-01
1.392322e-01 1.740228e-01
1.393287e-01 1.744272e-01
1.394254e-01 1.747744e-01
1.395221e-01 1.750602e-01
1.396189e-01 1.752827e-01
1.397157e-01 1.754383e-01
1.398126e-01 1.755195e-01
1.399096e-01 1.755194e-01
1.400066e-01 1.754319e-01
1.401037e-01 1.752487e-01
1.402009e-01 1.749634e-01
1.402982e-01 1.745685e-01
1.403955e-01 1.740534e-01
1.404929e-01 1.734170e-01
1.405903e-01 1.726408e-01
1.406878e-01 1.717274e-01
1.407854e-01 1.706716e-01
1.408831e-01 1.694676e-01
1.409808e-01 1.681167e-01
1.410786e-01 1.666154e-01
1.411764e-01 1.649677e-01
1.412743e-01 1.631868e-01
1.413723e-01 1.612567e-01
1.414704e-01 1.592080e-01
1.415685e-01 1.570472e-01
1.416667e-01 1.547903e-01
1.417650e-01 1.524502e-01
1.418633e-01 1.500481e-01
1.419617e-01 1.476019e-01
1.420602e-01 1.451394e-01
1.421587e-01 1.426776e-01
1.422573e-01 1.402442e-01
1.423560e-01 1.378617e-01
1.424547e-01 1.355549e-01
1.425535e-01 1.333457e-01
1.426524e-01 1.312556e-01
1.427514e-01 1.293075e-01
1.428504e-01 1.275143e-01
1.429495e-01 1.258975e-01
1.430486e-01 1.244669e-01
1.431478e-01 1.232303e-01
1.432471e-01 1.221989e-01
1.433465e-01 1.213733e-01
1.434459e-01 1.207518e-01
1.435454e-01 1.203309e-01
1.436450e-01 1.201066e-01
1.437446e-01 1.200643e-01
1.438443e-01 1.201935e-01
1.439441e-01 1.204769e-01
1.440439e-01 1.208984e-01
1.441438e-01 1.214382e-01
1.442438e-01 1.220768e-01
1.443439e-01 1.227920e-01
1.444440e-01 1.235640e-01
1.445442e-01 1.243706e-01
1.446444e-01 1.251932e-01
1.447448e-01 1.260162e-01
1.448452e-01 1.268191e-01
1.449456e-01 1.275921e-01
1.450462e-01 1.283179e-01
1.451468e-01 1.289912e-01
1.452475e-01 1.296046e-01
1.453482e-01 1.301565e-01
1.454490e-01 1.306435e-01
1.455499e-01 1.310706e-01
1.456509e-01 1.314428e-01
1.457519e-01 1.317643e-01
1.458530e-01 1.320486e-01
1.459541e-01 1.323076e-01
1.460554e-01 1.325511e-01
1.461567e-01 1.327972e-01
1.462581e-01 1.330600e-01
1.463595e-01 1.333535e-01
1.464610e-01 1.336969e-01
1.465626e-01 1.341066e-01
1.466643e-01 1.345913e-01
1.467660e-01 1.351665e-01
1.468678e-01 1.358505e-01
1.469697e-01 1.366525e-01
1.470716e-01 1.375791e-01
1.471736e-01 1.386400e-01
1.472757e-01 1.398385e-01
1.473779e-01 1.411841e-01
1.474801e-01 1.426733e-01
1.475824e-01 1.443073e-01
1.476847e-01 1.460831e-01
1.477872e-01 1.479955e-01
1.478897e-01 1.500364e-01
1.479923e-01 1.522033e-01
1.480949e-01 1.544817e-01
1.481976e-01 1.568595e-01
1.483004e-01 1.593282e-01
1.484033e-01 1.618706e-01
1.485062e-01 1.644728e-01
1.486092e-01 1.671183e-01
1.487123e-01 1.697965e-01
1.488155e-01 1.724801e-01
1.489187e-01 1.751674e-01
1.490220e-01 1.778323e-01
1.491253e-01 1.804613e-01
1.492288e-01 1.830405e-01
1.493323e-01 1.855532e-01
1.494359e-01 1.879858e-01
1.495395e-01 1.903291e-01
1.496432e-01 1.925679e-01
1.497470e-01 1.946929e-01
1.498509e-01 1.966962e-01
1.499548e-01 1.985720e-01
1.500589e-01 2.003085e-01
1.501629e-01 2.019072e-01
1.502671e-01 2.033656e-01
1.503713e-01 2.046723e-01
1.504756e-01 2.058384e-01
1.505800e-01 2.068621e-01
1.506844e-01 2.077445e-01
1.507890e-01 2.084905e-01
1.508936e-01 2.091017e-01
1.509982e-01 2.095858e-01
1.511030e-01 2.099484e-01
1.512078e-01 2.101931e-01
1.513126e-01 2.103288e-01
1.514176e-01 2.103598e-01
1.515226e-01 2.102927e-01
1.516277e-01 2.101300e-01
1.517329e-01 2.098887e-01
1.518381e-01 2.095512e-01
1.519435e-01 2.091393e-01
1.520488e-01 2.086548e-01
1.521543e-01 2.080947e-01
1.522598e-01 2.074650e-01
1.523655e-01 2.067640e-01
1.524711e-01 2.060025e-01
1.525769e-01 2.051730e-01
1.526827e-01 2.042772e-01
1.527886e-01 2.033237e-01
1.528946e-01 2.023080e-01
1.530007e-01 2.012272e-01
1.531068e-01 2.001048e-01
1.532130e-01 1.989234e-01
1.533193e-01 1.976955e-01
1.534256e-01 1.964253e-01
1.535320e-01 1.951200e-01
1.536385e-01 1.937865e-01
1.537451e-01 1.924325e-01
1.538517e-01 1.910663e-01
1.539584e-01 1.896965e-01
1.540652e-01 1.883394e-01
1.541721e-01 1.869996e-01
1.542790e-01 1.856886e-01
1.543860e-01 1.844180e-01
1.544931e-01 1.831917e-01
1.546003e-01 1.820423e-01
1.547075e-01 1.809531e-01
1.548148e-01 1.799469e-01
1.549222e-01 1.790246e-01
1.550297e-01 1.781947e-01
1.551372e-01 1.774638e-01
1.552448e-01 1.768302e-01
1.553525e-01 1.762958e-01
1.554602e-01 1.758623e-01
1.555681e-01 1.755290e-01
1.556760e-01 1.752887e-01
1.557839e-01 1.751347e-01
1.558920e-01 1.750637e-01
1.560001e-01 1.750631e-01
1.561083e-01 1.751278e-01
1.562166e-01 1.752449e-01
1.563250e-01 1.754053e-01
1.564334e-01 1.755968e-01
1.565419e-01 1.758104e-01
1.566505e-01 1.760300e-01
1.567591e-01 1.762515e-01
1.568679e-01 1.764545e-01
1.569767e-01 1.766478e-01
1.570856e-01 1.768073e-01
1.571945e-01 1.769292e-01
1.573035e-01 1.770127e-01
1.574127e-01 1.770437e-01
1.575218e-01 1.770251e-01
1.576311e-01 1.769514e-01
1.577404e-01 1.768230e-01
1.578498e-01 1.766339e-01
1.579593e-01 1.763913e-01
1.580689e-01 1.760932e-01
1.581785e-01 1.757353e-01
1.582883e-01 1.753221e-01
1.583980e-01 1.748577e-01
1.585079e-01 1.743366e-01
1.586179e-01 1.737687e-01
1.587279e-01 1.731483e-01
1.588380e-01 1.724771e-01
1.589481e-01 1.717584e-01
1.590584e-01 1.709877e-01
1.591687e-01 1.701650e-01
1.592791e-01 1.692905e-01
1.593896e-01 1.683627e-01
1.595002e-01 1.673802e-01
1.596108e-01 1.663422e-01
1.597215e-01 1.652480e-01
1.598323e-01 1.640947e-01
1.599431e-01 1.628858e-01
1.600541e-01 1.616230e-01
1.601651e-01 1.603051e-01
1.602762e-01 1.589417e-01
1.603874e-01 1.575344e-01
1.604986e-01 1.560896e-01
1.606099e-01 1.546177e-01
1.607213e-01 1.531283e-01
1.608328e-01 1.516313e-01
1.609444e-01 1.501430e-01
1.610560e-01 1.486692e-01
1.611677e-01 1.472285e-01
1.612795e-01 1.458447e-01
1.613914e-01 1.445228e-01
1.615033e-01 1.432752e-01
1.616153e-01 1.421225e-01
1.617274e-01 1.410760e-01
1.618396e-01 1.401473e-01
1.619519e-01 1.393434e-01
1.620642e-01 1.386759e-01
1.621766e-01 1.381441e-01
1.622891e-01 1.377548e-01
1.624017e-01 1.375048e-01
1.625143e-01 1.373892e-01
1.626270e-01 1.374023e-01
1.627398e-01 1.375323e-01
1.628527e-01 1.377649e-01
1.629657e-01 1.380884e-01
1.630787e-01 1.384829e-01
1.631918e-01 1.389224e-01
1.633050e-01 1.393940e-01
1.634183e-01 1.398691e-01
1.635316e-01 1.403315e-01
1.636451e-01 1.407532e-01
1.637586e-01 1.411111e-01
1.638722e-01 1.413869e-01
1.639858e-01 1.415655e-01
1.640996e-01 1.416202e-01
1.642134e-01 1.415476e-01
1.643273e-01 1.413304e-01
1.644413e-01 1.409634e-01
1.645553e-01 1.404408e-01
1.646695e-01 1.397626e-01
1.647837e-01 1.389342e-01
1.648980e-01 1.379578e-01
1.650124e-01 1.368470e-01
1.651268e-01 1.356118e-01
1.652414e-01 1.342704e-01
1.653560e-01 1.328418e-01
1.654707e-01 1.313456e-01
1.655854e-01 1.298055e-01
1.657003e-01 1.282304e-01
1.658152e-01 1.266732e-01
1.659302e-01 1.251340e-01
1.660453e-01 1.236419e-01
1.661605e-01 1.222247e-01
1.662758e-01 1.208949e-01
1.663911e-01 1.196776e-01
1.665065e-01 1.185879e-01
1.666220e-01 1.176404e-01
1.667376e-01 1.168472e-01
1.668532e-01 1.162166e-01
1.669690e-01 1.157526e-01
1.670848e-01 1.154604e-01
1.672007e-01 1.153382e-01
1.673166e-01 1.153819e-01
1.674327e-01 1.155766e-01
1.675488e-01 1.159333e-01
1.676650e-01 1.164204e-01
1.677813e-01 1.170293e-01
1.678977e-01 1.177424e-01
1.680142e-01 1.185446e-01
1.681307e-01 1.194122e-01
1.682473e-01 1.203262e-01
1.683640e-01 1.212661e-01
1.684808e-01 1.222156e-01
1.685977e-01 1.231425e-01
1.687146e-01 1.240388e-01
1.688316e-01 1.248796e-01
1.689487e-01 1.256503e-01
1.690659e-01 1.263303e-01
1.691832e-01 1.269127e-01
1.693005e-01 1.273798e-01
1.694180e-01 1.277241e-01
1.695355e-01 1.279399e-01
1.696531e-01 1.280167e-01
1.697707e-01 1.279566e-01
1.698885e-01 1.277577e-01
1.700063e-01 1.274225e-01
1.701243e-01 1.269542e-01
1.702423e-01 1.263579e-01
1.703603e-01 1.256435e-01
1.704785e-01 1.248221e-01
1.705968e-01 1.239036e-01
1.707151e-01 1.229024e-01
1.708335e-01 1.218289e-01
1.709520e-01 1.207036e-01
1.710706e-01 1.195406e-01
1.711892e-01 1.183547e-01
1.713080e-01 1.171682e-01
1.714268e-01 1.159925e-01
1.715457e-01 1.148519e-01
1.716647e-01 1.137596e-01
1.717837e-01 1.127315e-01
1.719029e-01 1.117890e-01
1.720221e-01 1.109395e-01
1.721415e-01 1.102099e-01
1.722609e-01 1.095966e-01
1.723803e-01 1.091241e-01
1.724999e-01 1.088006e-01
1.726195e-01 1.086244e-01
1.727393e-01 1.086073e-01
1.728591e-01 1.087501e-01
1.729790e-01 1.090567e-01
1.730990e-01 1.095185e-01
1.732190e-01 1.101302e-01
1.733392e-01 1.108854e-01
1.734594e-01 1.117698e-01
1.735797e-01 1.127755e-01
1.737001e-01 1.138732e-01
1.738206e-01 1.150531e-01
1.739412e-01 1.162912e-01
1.740618e-01 1.175684e-01
1.741826e-01 1.188562e-01
1.743034e-01 1.201279e-01
1.744243e-01 1.213646e-01
1.745453e-01 1.225389e-01
1.746663e-01 1.236281e-01
1.747875e-01 1.246096e-01
1.749087e-01 1.254660e-01
1.750300e-01 1.261773e-01
1.751514e-01 1.267354e-01
1.752729e-01 1.271213e-01
1.753945e-01 1.273352e-01
1.755162e-01 1.273716e-01
1.756379e-01 1.272330e-01
1.757597e-01 1.269257e-01
1.758816e-01 1.264556e-01
1.760036e-01 1.258415e-01
1.761257e-01 1.250989e-01
1.762479e-01 1.242437e-01
1.763701e-01 1.233047e-01
1.764925e-01 1.223018e-01
1.766149e-01 1.212632e-01
1.767374e-01 1.202095e-01
1.768600e-01 1.191750e-01
1.769826e-01 1.181823e-01
1.771054e-01 1.172480e-01
1.772282e-01 1.164105e-01
1.773512e-01 1.156784e-01
1.774742e-01 1.150670e-01
1.775973e-01 1.145962e-01
1.777205e-01 1.142723e-01
1.778437e-01 1.141065e-01
1.779671e-01 1.140920e-01
1.780905e-01 1.142382e-01
1.782141e-01 1.145312e-01
1.783377e-01 1.149714e-01
1.784614e-01 1.155405e-01
1.785852e-01 1.162294e-01
1.787090e-01 1.170176e-01
1.788330e-01 1.178888e-01
1.789570e-01 1.188220e-01
1.790812e-01 1.197959e-01
1.792054e-01 1.207948e-01
1.793297e-01 1.217829e-01
1.794541e-01 1.227519e-01
1.795785e-01 1.236748e-01
1.797031e-01 1.245297e-01
1.798277e-01 1.253025e-01
1.799525e-01 1.259712e-01
1.800773e-01 1.265222e-01
1.802022e-01 1.269386e-01
1.803272e-01 1.272087e-01
1.804523e-01 1.273277e-01
1.805774e-01 1.272776e-01
1.807027e-01 1.270608e-01
1.808280e-01 1.266695e-01
1.809534e-01 1.261040e-01
1.810790e-01 1.253636e-01
1.812046e-01 1.244536e-01
1.813302e-01 1.233815e-01
1.814560e-01 1.221525e-01
1.815819e-01 1.207810e-01
1.817078e-01 1.192760e-01
1.818339e-01 1.176541e-01
1.819600e-01 1.159349e-01
1.820862e-01 1.141415e-01
1.822125e-01 1.122865e-01
1.823389e-01 1.103965e-01
1.824654e-01 1.084954e-01
1.825919e-01 1.066074e-01
1.827186e-01 1.047548e-01
1.828453e-01 1.029651e-01
1.829721e-01 1.012657e-01
1.830990e-01 9.967121e-02
1.832260e-01 9.820961e-02
1.833531e-01 9.689625e-02
1.834803e-01 9.575422e-02
1.836076e-01 9.479157e-02
1.837349e-01 9.402615e-02
1.838624e-01 9.346615e-02
1.839899e-01 9.311058e-02
1.841175e-01 9.296814e-02
1.842452e-01 9.303541e-02
1.843730e-01 9.330624e-02
1.845009e-01 9.377675e-02
1.846289e-01 9.441756e-02
1.847569e-01 9.524330e-02
1.848851e-01 9.621476e-02
1.850133e-01 9.731972e-02
1.851417e-01 9.853849e-02
1.852701e-01 9.984976e-02
1.853986e-01 1.012211e-01
1.855272e-01 1.026392e-01
1.856559e-01 1.040777e-01
1.857846e-01 1.055079e-01
1.859135e-01 1.069124e-01
1.860425e-01 1.082652e-01
1.861715e-01 1.095509e-01
1.863006e-01 1.107465e-01
1.864299e-01 1.118356e-01
1.865592e-01 1.128048e-01
1.866886e-01 1.136394e-01
1.868181e-01 1.143265e-01
1.869476e-01 1.148602e-01
1.870773e-01 1.152345e-01
1.872071e-01 1.154452e-01
1.873369e-01 1.154864e-01
1.874669e-01 1.153646e-01
1.875969e-01 1.150742e-01
1.877270e-01 1.146201e-01
1.878572e-01 1.140092e-01
1.879875e-01 1.132451e-01
1.881179e-01 1.123348e-01
1.882484e-01 1.112933e-01
1.883790e-01 1.101126e-01
1.885096e-01 1.088138e-01
1.886404e-01 1.074096e-01
1.887712e-01 1.059037e-01
1.889022e-01 1.043093e-01
1.890332e-01 1.026381e-01
1.891643e-01 1.009012e-01
1.892955e-01 9.911259e-02
1.894268e-01 9.728734e-02
1.895582e-01 9.543734e-02
1.896897e-01 9.358445e-02
1.898213e-01 9.174005e-02
1.899529e-01 8.992866e-02
1.900847e-01 8.816648e-02
1.902165e-01 8.647877e-02
1.903485e-01 8.488765e-02
1.904805e-01 8.342377e-02
1.906126e-01 8.209515e-02
1.907448e-01 8.094519e-02
1.908771e-01 7.999336e-02
1.910095e-01 7.926153e-02
1.911420e-01 7.877649e-02
1.912746e-01 7.855463e-02
1.914073e-01 7.861337e-02
1.915400e-01 7.896502e-02
1.916729e-01 7.961266e-02
1.918058e-01 8.056363e-02
1.919389e-01 8.180884e-02
1.920720e-01 8.332883e-02
1.922052e-01 8.510982e-02
1.923385e-01 8.712196e-02
1.924720e-01 8.933240e-02
1.926055e-01 9.169578e-02
1.927390e-01 9.416971e-02
1.928727e-01 9.670346e-02
1.930065e-01 9.924108e-02
1.931404e-01 1.017308e-01
1.932744e-01 1.041151e-01
1.934084e-01 1.063440e-01
1.935426e-01 1.083706e-01
1.936768e-01 1.101522e-01
1.938111e-01 1.116561e-01
1.939456e-01 1.128460e-01
1.940801e-01 1.137156e-01
1.942147e-01 1.142543e-01
1.943494e-01 1.144636e-01
1.944842e-01 1.143602e-01
1.946191e-01 1.139617e-01
1.947541e-01 1.133034e-01
1.948892e-01 1.124229e-01
1.950244e-01 1.113615e-01
1.951597e-01 1.101721e-01
1.952950e-01 1.089006e-01
1.954305e-01 1.076000e-01
1.955660e-01 1.063157e-01
1.957017e-01 1.050958e-01
1.958374e-01 1.039771e-01
1.959733e-01 1.029909e-01
1.961092e-01 1.021686e-01
1.962452e-01 1.015250e-01
1.963813e-01 1.010691e-01
1.965176e-01 1.008056e-01
1.966539e-01 1.007251e-01
1.967903e-01 1.008289e-01
1.969268e-01 1.010877e-01
1.970634e-01 1.014844e-01
1.972000e-01 1.019969e-01
1.973368e-01 1.026010e-01
1.974737e-01 1.032707e-01
1.976107e-01 1.039760e-01
1.977477e-01 1.047045e-01
1.978849e-01 1.054296e-01
1.980222e-01 1.061365e-01
1.981595e-01 1.068064e-01
1.982970e-01 1.074330e-01
1.984345e-01 1.080042e-01
1.985721e-01 1.085154e-01
1.987099e-01 1.089623e-01
1.988477e-01 1.093450e-01
1.989856e-01 1.096597e-01
1.991236e-01 1.099055e-01
1.992618e-01 1.100830e-01
1.994000e-01 1.101930e-01
1.995383e-01 1.102311e-01
1.996767e-01 1.102002e-01
1.998152e-01 1.100952e-01
1.999538e-01 1.099217e-01
2.000925e-01 1.096771e-01
2.002313e-01 1.093661e-01
2.003701e-01 1.089897e-01
2.005091e-01 1.085545e-01
2.006482e-01 1.080729e-01
2.007874e-01 1.075496e-01
2.009266e-01 1.070053e-01
2.010660e-01 1.064561e-01
2.012055e-01 1.059164e-01
2.013450e-01 1.054141e-01
2.014847e-01 1.049689e-01
2.016244e-01 1.046072e-01
2.017643e-01 1.043504e-01
2.019042e-01 1.042248e-01
2.020443e-01 1.042496e-01
2.021844e-01 1.044445e-01
2.023247e-01 1.048255e-01
2.024650e-01 1.054008e-01
2.026054e-01 1.061801e-01
2.027460e-01 1.071663e-01
2.028866e-01 1.083505e-01
2.030273e-01 1.097290e-01
2.031681e-01 1.112812e-01
2.033091e-01 1.129907e-01
2.034501e-01 1.148300e-01
2.035912e-01 1.167718e-01
2.037324e-01 1.187795e-01
2.038737e-01 1.208178e-01
2.040151e-01 1.228489e-01
2.041566e-01 1.248314e-01
2.042983e-01 1.267253e-01
2.044400e-01 1.284884e-01
2.045818e-01 1.300843e-01
2.047237e-01 1.314807e-01
2.048657e-01 1.326423e-01
2.050078e-01 1.335395e-01
2.051500e-01 1.341570e-01
2.052923e-01 1.344760e-01
2.054347e-01 1.344904e-01
2.055771e-01 1.341980e-01
2.057197e-01 1.336059e-01
2.058624e-01 1.327304e-01
2.060052e-01 1.315919e-01
2.061481e-01 1.302209e-01
2.062911e-01 1.286537e-01
2.064342e-01 1.269262e-01
2.065774e-01 1.250876e-01
2.067207e-01 1.231830e-01
2.068640e-01 1.212621e-01
2.070075e-01 1.193714e-01
2.071511e-01 1.175591e-01
2.072948e-01 1.158643e-01
2.074386e-01 1.143296e-01
2.075825e-01 1.129857e-01
2.077264e-01 1.118589e-01
2.078705e-01 1.109629e-01
2.080147e-01 1.103121e-01
2.081590e-01 1.099099e-01
2.083034e-01 1.097475e-01
2.084479e-01 1.098132e-01
2.085924e-01 1.100878e-01
2.087371e-01 1.105484e-01
2.088819e-01 1.111661e-01
2.090268e-01 1.119081e-01
2.091718e-01 1.127447e-01
2.093169e-01 1.136400e-01
2.094621e-01 1.145628e-01
2.096073e-01 1.154806e-01
2.097527e-01 1.163686e-01
2.098982e-01 1.172027e-01
2.100438e-01 1.179662e-01
2.101895e-01 1.186335e-01
2.103353e-01 1.192078e-01
2.104812e-01 1.196790e-01
2.106272e-01 1.200484e-01
2.107733e-01 1.203173e-01
2.109195e-01 1.204949e-01
2.110658e-01 1.205932e-01
2.112122e-01 1.206213e-01
2.113587e-01 1.206018e-01
2.115053e-01 1.205405e-01
2.116520e-01 1.204566e-01
2.117988e-01 1.203661e-01
2.119457e-01 1.202798e-01
2.120927e-01 1.202032e-01
2.122398e-01 1.201494e-01
2.123870e-01 1.201147e-01
2.125343e-01 1.201045e-01
2.126817e-01 1.201120e-01
2.128293e-01 1.201273e-01
2.129769e-01 1.201385e-01
2.131246e-01 1.201319e-01
2.132724e-01 1.200904e-01
2.134204e-01 1.199936e-01
2.135684e-01 1.198250e-01
2.137165e-01 1.195658e-01
2.138648e-01 1.192000e-01
2.140131e-01 1.187193e-01
2.141616e-01 1.181134e-01
2.143101e-01 1.173810e-01
2.144588e-01 1.165261e-01
2.146075e-01 1.155622e-01
2.147564e-01 1.145073e-01
2.149053e-01 1.133866e-01
2.150544e-01 1.122311e-01
2.152036e-01 1.110835e-01
2.153528e-01 1.099796e-01
2.155022e-01 1.089674e-01
2.156517e-01 1.080906e-01
2.158013e-01 1.073971e-01
2.159509e-01 1.069247e-01
2.161007e-01 1.067099e-01
2.162506e-01 1.067832e-01
2.164006e-01 1.071693e-01
2.165507e-01 1.078781e-01
2.167009e-01 1.089079e-01
2.168512e-01 1.102549e-01
2.170016e-01 1.118967e-01
2.171521e-01 1.137916e-01
2.173028e-01 1.159144e-01
2.174535e-01 1.182105e-01
2.176043e-01 1.206204e-01
2.177553e-01 1.230901e-01
2.179063e-01 1.255540e-01
2.180574e-01 1.279511e-01
2.182087e-01 1.302225e-01
2.183600e-01 1.323119e-01
2.185115e-01 1.341679e-01
2.186631e-01 1.357537e-01
2.188147e-01 1.370381e-01
2.189665e-01 1.379963e-01
2.191184e-01 1.386216e-01
2.192704e-01 1.389123e-01
2.194225e-01 1.388840e-01
2.195747e-01 1.385552e-01
2.197270e-01 1.379556e-01
2.198794e-01 1.371218e-01
2.200319e-01 1.360967e-01
2.201845e-01 1.349209e-01
2.203372e-01 1.336459e-01
2.204901e-01 1.323163e-01
2.206430e-01 1.309742e-01
2.207960e-01 1.296661e-01
2.209492e-01 1.284081e-01
2.211024e-01 1.272486e-01
2.212558e-01 1.262004e-01
2.214093e-01 1.252756e-01
2.215628e-01 1.244813e-01
2.217165e-01 1.238145e-01
2.218703e-01 1.232702e-01
2.220242e-01 1.228322e-01
2.221782e-01 1.224780e-01
2.223323e-01 1.222024e-01
2.224865e-01 1.219678e-01
2.226408e-01 1.217566e-01
2.227953e-01 1.215457e-01
2.229498e-01 1.213162e-01
2.231044e-01 1.210564e-01
2.232592e-01 1.207569e-01
2.234140e-01 1.204118e-01
2.235690e-01 1.200218e-01
2.237241e-01 1.195962e-01
2.238793e-01 1.191462e-01
2.240346e-01 1.186946e-01
2.241899e-01 1.182600e-01
2.243454e-01 1.178660e-01
2.245011e-01 1.175410e-01
2.246568e-01 1.173046e-01
2.248126e-01 1.171850e-01
2.249685e-01 1.171938e-01
2.251246e-01 1.173465e-01
2.252807e-01 1.176424e-01
2.254370e-01 1.180818e-01
2.255934e-01 1.186477e-01
2.257498e-01 1.193159e-01
2.259064e-01 1.200616e-01
2.260631e-01 1.208333e-01
2.262199e-01 1.215924e-01
2.263768e-01 1.222858e-01
2.265338e-01 1.228624e-01
2.266910e-01 1.232693e-01
2.268482e-01 1.234576e-01
2.270056e-01 1.233874e-01
2.271630e-01 1.230270e-01
2.273206e-01 1.223586e-01
2.274782e-01 1.213741e-01
2.276360e-01 1.200815e-01
2.277939e-01 1.185062e-01
2.279519e-01 1.166873e-01
2.281100e-01 1.146776e-01
2.282683e-01 1.125368e-01
2.284266e-01 1.103370e-01
2.285850e-01 1.081431e-01
2.287436e-01 1.060584e-01
2.289022e-01 1.041236e-01
2.290610e-01 1.024180e-01
2.292199e-01 1.009894e-01
2.293789e-01 9.987761e-02
2.295380e-01 9.910233e-02
2.296972e-01 9.867013e-02
2.298565e-01 9.856764e-02
2.300160e-01 9.876128e-02
2.301755e-01 9.920776e-02
2.303351e-01 9.985145e-02
2.304949e-01 1.006225e-01
2.306548e-01 1.014557e-01
2.308148e-01 1.022785e-01
2.309749e-01 1.030275e-01
2.311351e-01 1.036495e-01
2.312954e-01 1.040943e-01
2.314558e-01 1.043394e-01
2.316164e-01 1.043650e-01
2.317770e-01 1.041789e-01
2.319378e-01 1.037983e-01
2.320987e-01 1.032551e-01
2.322597e-01 1.025971e-01
2.324208e-01 1.018880e-01
2.325820e-01 1.011487e-01
2.327433e-01 1.004727e-01
2.329047e-01 9.990422e-02
2.330663e-01 9.948611e-02
2.332279e-01 9.925595e-02
2.333897e-01 9.924401e-02
2.335516e-01 9.944946e-02
2.337136e-01 9.987681e-02
2.338757e-01 1.005045e-01
2.340379e-01 1.013052e-01
2.342002e-01 1.022399e-01
2.343627e-01 1.032647e-01
2.345252e-01 1.043294e-01
2.346879e-01 1.053906e-01
2.348507e-01 1.064009e-01
2.350136e-01 1.073273e-01
2.351766e-01 1.081358e-01
2.353397e-01 1.088092e-01
2.355030e-01 1.093405e-01
2.356663e-01 1.097278e-01
2.358298e-01 1.099847e-01
2.359934e-01 1.101258e-01
2.361570e-01 1.101775e-01
2.363208e-01 1.101631e-01
2.364848e-01 1.101095e-01
2.366488e-01 1.100383e-01
2.368129e-01 1.099702e-01
2.369772e-01 1.099149e-01
2.371416e-01 1.098771e-01
2.373061e-01 1.098553e-01
2.374707e-01 1.098381e-01
2.376354e-01 1.098132e-01
2.378002e-01 1.097590e-01
2.379651e-01 1.096534e-01
2.381302e-01 1.094752e-01
2.382954e-01 1.092080e-01
2.384607e-01 1.088354e-01
2.386261e-01 1.083541e-01
2.387916e-01 1.077626e-01
2.389572e-01 1.070692e-01
2.391229e-01 1.062943e-01
2.392888e-01 1.054576e-01
2.394548e-01 1.045932e-01
2.396209e-01 1.037354e-01
2.397871e-01 1.029193e-01
2.399534e-01 1.021812e-01
2.401198e-01 1.015538e-01
2.402864e-01 1.010693e-01
2.404531e-01 1.007360e-01
2.406198e-01 1.005816e-01
2.407867e-01 1.006082e-01
2.409537e-01 1.008131e-01
2.411209e-01 1.011861e-01
2.412881e-01 1.017103e-01
2.414555e-01 1.023625e-01
2.416230e-01 1.031182e-01
2.417906e-01 1.039471e-01
2.419583e-01 1.048177e-01
2.421261e-01 1.057022e-01
2.422940e-01 1.065697e-01
2.424621e-01 1.073944e-01
2.426303e-01 1.081538e-01
2.427986e-01 1.088175e-01
2.429670e-01 1.093741e-01
2.431355e-01 1.098019e-01
2.433041e-01 1.100921e-01
2.434729e-01 1.102325e-01
2.436418e-01 1.102083e-01
2.438108e-01 1.100242e-01
2.439799e-01 1.096764e-01
2.441491e-01 1.091715e-01
2.443185e-01 1.085197e-01
2.444879e-01 1.077384e-01
2.446575e-01 1.068506e-01
2.448272e-01 1.058861e-01
2.449970e-01 1.048795e-01
2.451670e-01 1.038721e-01
2.453370e-01 1.029067e-01
2.455072e-01 1.020292e-01
2.456775e-01 1.012746e-01
2.458479e-01 1.007075e-01
2.460184e-01 1.003406e-01
2.461890e-01 1.002069e-01
2.463598e-01 1.003152e-01
2.465307e-01 1.006791e-01
2.467017e-01 1.012850e-01
2.468728e-01 1.021129e-01
2.470440e-01 1.031274e-01
2.472154e-01 1.042866e-01
2.473869e-01 1.055411e-01
2.475585e-01 1.068334e-01
2.477302e-01 1.081059e-01
2.479020e-01 1.093029e-01
2.480740e-01 1.103765e-01
2.482460e-01 1.112834e-01
2.484182e-01 1.119936e-01
2.485905e-01 1.124846e-01
2.487629e-01 1.127512e-01
2.489355e-01 1.127958e-01
2.491082e-01 1.126318e-01
2.492809e-01 1.122955e-01
2.494538e-01 1.118105e-01
2.496269e-01 1.112196e-01
2.498000e-01 1.105615e-01
2.499733e-01 1.098790e-01
2.501467e-01 1.092094e-01
2.503202e-01 1.085875e-01
2.504938e-01 1.080419e-01
2.506676e-01 1.075925e-01
2.508414e-01 1.072567e-01
2.510154e-01 1.070429e-01
2.511895e-01 1.069508e-01
2.513637e-01 1.069800e-01
2.515381e-01 1.071249e-01
2.517126e-01 1.073765e-01
2.518872e-01 1.077242e-01
2.520619e-01 1.081590e-01
2.522367e-01 1.086679e-01
2.524117e-01 1.092434e-01
2.525867e-01 1.098745e-01
2.527619e-01 1.105534e-01
2.529373e-01 1.112708e-01
2.531127e-01 1.120134e-01
2.532883e-01 1.127762e-01
2.534640e-01 1.135444e-01
2.536398e-01 1.143058e-01
2.538157e-01 1.150439e-01
2.539917e-01 1.157437e-01
2.541679e-01 1.163886e-01
2.543442e-01 1.169623e-01
2.545206e-01 1.174504e-01
2.546972e-01 1.178410e-01
2.548738e-01 1.181247e-01
2.550506e-01 1.182985e-01
2.552275e-01 1.183694e-01
2.554046e-01 1.183370e-01
2.555817e-01 1.182262e-01
2.557590e-01 1.180473e-01
2.559364e-01 1.178236e-01
2.561139e-01 1.175858e-01
2.562916e-01 1.173550e-01
2.564693e-01 1.171598e-01
2.566472e-01 1.170178e-01
2.568252e-01 1.169477e-01
2.570034e-01 1.169532e-01
2.571816e-01 1.170375e-01
2.573600e-01 1.171891e-01
2.575385e-01 1.173894e-01
2.577172e-01 1.176131e-01
2.578959e-01 1.178267e-01
2.580748e-01 1.179953e-01
2.582538e-01 1.180780e-01
2.584329e-01 1.180406e-01
2.586122e-01 1.178498e-01
2.587916e-01 1.174782e-01
2.589711e-01 1.169140e-01
2.591507e-01 1.161474e-01
2.593304e-01 1.151849e-01
2.595103e-01 1.140440e-01
2.596903e-01 1.127503e-01
2.598705e-01 1.113403e-01
2.600507e-01 1.098551e-01
2.602311e-01 1.083375e-01
2.604116e-01 1.068370e-01
2.605922e-01 1.053931e-01
2.607730e-01 1.040446e-01
2.609538e-01 1.028265e-01
2.611348e-01 1.017545e-01
2.613160e-01 1.008478e-01
2.614972e-01 1.001080e-01
2.616786e-01 9.953058e-02
2.618601e-01 9.910237e-02
2.620417e-01 9.880528e-02
2.622235e-01 9.861303e-02
2.624054e-01 9.850495e-02
2.625874e-01 9.845101e-02
2.627695e-01 9.842875e-02
2.629518e-01 9.841216e-02
2.631342e-01 9.838640e-02
2.633167e-01 9.833403e-02
2.634993e-01 9.824844e-02
2.636821e-01 9.812652e-02
2.638650e-01 9.796899e-02
2.640480e-01 9.778318e-02
2.642312e-01 9.757824e-02
2.644144e-01 9.736852e-02
2.645978e-01 9.717095e-02
2.647814e-01 9.700369e-02
2.649650e-01 9.688616e-02
2.651488e-01 9.683928e-02
2.653327e-01 9.686147e-02
2.655168e-01 9.698658e-02
2.657009e-01 9.721665e-02
2.658852e-01 9.755322e-02
2.660696e-01 9.800108e-02
2.662542e-01 9.854989e-02
2.664389e-01 9.919078e-02
2.666237e-01 9.990582e-02
2.668086e-01 1.006713e-01
2.669937e-01 1.014611e-01
2.671789e-01 1.022460e-01
2.673642e-01 1.029990e-01
2.675496e-01 1.036846e-01
2.677352e-01 1.042822e-01
2.679209e-01 1.047559e-01
2.681068e-01 1.050942e-01
2.682927e-01 1.052782e-01
2.684788e-01 1.053033e-01
2.686650e-01 1.051596e-01
2.688514e-01 1.048573e-01
2.690379e-01 1.044049e-01
2.692245e-01 1.038213e-01
2.694112e-01 1.031262e-01
2.695981e-01 1.023448e-01
2.697851e-01 1.015110e-01
2.699722e-01 1.006560e-01
2.701595e-01 9.980486e-02
2.703469e-01 9.899669e-02
2.705344e-01 9.825945e-02
2.707220e-01 9.761585e-02
2.709098e-01 9.708904e-02
2.710977e-01 9.669103e-02
2.712858e-01 9.644412e-02
2.714739e-01 9.631576e-02
2.716622e-01 9.632933e-02
2.718506e-01 9.646439e-02
2.720392e-01 9.669792e-02
2.722279e-01 9.701534e-02
2.724167e-01 9.739172e-02
2.726057e-01 9.780033e-02
2.727948e-01 9.822613e-02
2.729840e-01 9.865589e-02
2.731733e-01 9.907608e-02
2.733628e-01 9.949178e-02
2.735524e-01 9.990501e-02
2.737422e-01 1.003307e-01
2.739320e-01 1.007842e-01
2.741220e-01 1.012902e-01
2.743122e-01 1.018655e-01
2.745024e-01 1.025291e-01
2.746928e-01 1.032905e-01
2.748834e-01 1.041525e-01
2.750740e-01 1.051098e-01
2.752648e-01 1.061461e-01
2.754558e-01 1.072362e-01
2.756468e-01 1.083462e-01
2.758380e-01 1.094403e-01
2.760293e-01 1.104697e-01
2.762208e-01 1.114203e-01
2.764124e-01 1.122368e-01
2.766041e-01 1.128990e-01
2.767960e-01 1.133985e-01
2.769880e-01 1.137207e-01
2.771801e-01 1.138731e-01
2.773723e-01 1.138714e-01
2.775647e-01 1.137323e-01
2.777573e-01 1.134796e-01
2.779499e-01 1.131383e-01
2.781427e-01 1.127298e-01
2.783356e-01 1.122707e-01
2.785287e-01 1.117688e-01
2.787219e-01 1.112348e-01
2.789152e-01 1.106593e-01
2.791087e-01 1.100469e-01
2.793023e-01 1.093841e-01
2.794960e-01 1.086599e-01
2.796899e-01 1.078770e-01
2.798839e-01 1.070365e-01
2.800780e-01 1.061465e-01
2.802723e-01 1.052324e-01
2.804667e-01 1.043194e-01
2.806612e-01 1.034461e-01
2.808559e-01 1.026527e-01
2.810507e-01 1.019999e-01
2.812456e-01 1.015217e-01
2.814407e-01 1.012663e-01
2.816359e-01 1.012658e-01
2.818313e-01 1.015483e-01
2.820267e-01 1.021203e-01
2.822224e-01 1.029775e-01
2.824181e-01 1.040960e-01
2.826140e-01 1.054355e-01
2.828100e-01 1.069490e-01
2.830062e-01 1.085647e-01
2.832025e-01 1.102206e-01
2.833989e-01 1.118334e-01
2.835955e-01 1.133308e-01
2.837922e-01 1.146467e-01
2.839890e-01 1.157210e-01
2.841860e-01 1.165102e-01
2.843831e-01 1.169812e-01
2.845804e-01 1.171257e-01
2.847778e-01 1.169461e-01
2.849753e-01 1.164696e-01
2.851730e-01 1.157276e-01
2.853708e-01 1.147674e-01
2.855687e-01 1.136458e-01
2.857668e-01 1.124182e-01
2.859650e-01 1.111452e-01
2.861634e-01 1.098726e-01
2.863618e-01 1.086515e-01
2.865605e-01 1.075127e-01
2.867592e-01 1.064896e-01
2.869581e-01 1.055950e-01
2.871572e-01 1.048355e-01
2.873564e-01 1.042166e-01
2.875557e-01 1.037304e-01
2.877551e-01 1.033737e-01
2.879547e-01 1.031405e-01
2.881544e-01 1.030239e-01
2.883543e-01 1.030186e-01
2.885543e-01 1.031194e-01
2.887545e-01 1.033272e-01
2.889548e-01 1.036303e-01
2.891552e-01 1.040220e-01
2.893557e-01 1.044901e-01
2.895564e-01 1.050106e-01
2.897573e-01 1.055558e-01
2.899583e-01 1.060924e-01
2.901594e-01 1.065811e-01
2.903606e-01 1.069786e-01
2.905620e-01 1.072415e-01
2.907636e-01 1.073394e-01
2.909653e-01 1.072332e-01
2.911671e-01 1.069081e-01
2.913690e-01 1.063525e-01
2.915711e-01 1.055740e-01
2.917734e-01 1.045926e-01
2.919758e-01 1.034376e-01
2.921783e-01 1.021549e-01
2.923809e-01 1.007753e-01
2.925837e-01 9.936503e-02
2.927867e-01 9.793997e-02
2.929898e-01 9.657268e-02
2.931930e-01 9.528263e-02
2.933964e-01 9.409588e-02
2.935999e-01 9.303614e-02
2.938035e-01 9.211156e-02
2.940073e-01 9.133722e-02
2.942112e-01 9.072286e-02
2.944153e-01 9.028185e-02
2.946195e-01 9.003719e-02
2.948239e-01 9.001057e-02
2.950284e-01 9.023060e-02
2.952330e-01 9.072554e-02
2.954378e-01 9.152715e-02
2.956427e-01 9.265232e-02
2.958478e-01 9.411725e-02
2.960530e-01 9.591120e-02
2.962583e-01 9.800807e-02
2.964638e-01 1.003560e-01
2.966694e-01 1.028854e-01
2.968752e-01 1.055082e-01
2.970811e-01 1.081069e-01
2.972872e-01 1.105775e-01
2.974934e-01 1.128059e-01
2.976997e-01 1.146866e-01
2.979062e-01 1.161343e-01
2.981129e-01 1.170915e-01
2.983196e-01 1.175308e-01
2.985266e-01 1.174558e-01
2.987336e-01 1.169061e-01
2.989408e-01 1.159540e-01
2.991482e-01 1.146815e-01
2.993557e-01 1.132035e-01
2.995633e-01 1.116323e-01
2.997711e-01 1.100795e-01
2.999790e-01 1.086409e-01
3.001871e-01 1.073988e-01
3.003953e-01 1.064083e-01
3.006037e-01 1.056996e-01
3.008122e-01 1.052770e-01
3.010208e-01 1.051187e-01
3.012296e-01 1.051935e-01
3.014386e-01 1.054469e-01
3.016476e-01 1.058263e-01
3.018569e-01 1.062779e-01
3.020662e-01 1.067570e-01
3.022758e-01 1.072270e-01
3.024854e-01 1.076634e-01
3.026952e-01 1.080586e-01
3.029052e-01 1.084192e-01
3.031153e-01 1.087535e-01
3.033255e-01 1.090743e-01
3.035359e-01 1.093976e-01
3.037465e-01 1.097382e-01
3.039572e-01 1.100965e-01
3.041680e-01 1.104646e-01
3.043790e-01 1.108212e-01
3.045901e-01 1.111436e-01
3.048013e-01 1.113971e-01
3.050128e-01 1.115463e-01
3.052243e-01 1.115656e-01
3.054360e-01 1.114332e-01
3.056479e-01 1.111431e-01
3.058599e-01 1.107069e-01
3.060720e-01 1.101492e-01
3.062843e-01 1.095144e-01
3.064968e-01 1.088545e-01
3.067094e-01 1.082274e-01
3.069221e-01 1.076906e-01
3.071350e-01 1.072870e-01
3.073480e-01 1.070493e-01
3.075612e-01 1.069784e-01
3.077746e-01 1.070589e-01
3.079880e-01 1.072466e-01
3.082017e-01 1.074777e-01
3.084154e-01 1.076801e-01
3.086294e-01 1.077719e-01
3.088434e-01 1.076887e-01
3.090576e-01 1.073758e-01
3.092720e-01 1.068113e-01
3.094865e-01 1.060064e-01
3.097012e-01 1.050081e-01
3.099160e-01 1.038848e-01
3.101310e-01 1.027423e-01
3.103461e-01 1.016916e-01
3.105613e-01 1.008415e-01
3.107768e-01 1.002906e-01
3.109923e-01 1.001057e-01
3.112080e-01 1.003173e-01
3.114239e-01 1.009129e-01
3.116399e-01 1.018426e-01
3.118561e-01 1.030161e-01
3.120724e-01 1.043170e-01
3.122888e-01 1.056171e-01
3.125054e-01 1.067952e-01
3.127222e-01 1.077433e-01
3.129391e-01 1.083836e-01
3.131562e-01 1.086789e-01
3.133734e-01 1.086257e-01
3.135907e-01 1.082714e-01
3.138083e-01 1.076831e-01
3.140259e-01 1.069572e-01
3.142437e-01 1.062031e-01
3.144617e-01 1.055175e-01
3.146798e-01 1.049957e-01
3.148981e-01 1.047054e-01
3.151165e-01 1.046853e-01
3.153351e-01 1.049516e-01
3.155538e-01 1.054966e-01
3.157727e-01 1.062763e-01
3.159917e-01 1.072484e-01
3.162109e-01 1.083571e-01
3.164302e-01 1.095328e-01
3.166497e-01 1.107173e-01
3.168693e-01 1.118642e-01
3.170891e-01 1.129255e-01
3.173090e-01 1.138677e-01
3.175291e-01 1.146687e-01
3.177494e-01 1.153170e-01
3.179698e-01 1.157968e-01
3.181903e-01 1.161270e-01
3.184110e-01 1.163115e-01
3.186319e-01 1.163818e-01
3.188529e-01 1.163511e-01
3.190741e-01 1.162492e-01
3.192954e-01 1.161041e-01
3.195168e-01 1.159351e-01
3.197385e-01 1.157574e-01
3.199602e-01 1.155773e-01
3.201822e-01 1.153914e-01
3.204043e-01 1.151794e-01
3.206265e-01 1.149208e-01
3.208489e-01 1.145876e-01
3.210714e-01 1.141518e-01
3.212941e-01 1.135840e-01
3.215170e-01 1.128749e-01
3.217400e-01 1.120245e-01
3.219632e-01 1.110432e-01
3.221865e-01 1.099609e-01
3.224100e-01 1.088195e-01
3.226336e-01 1.076690e-01
3.228574e-01 1.065691e-01
3.230813e-01 1.055650e-01
3.233054e-01 1.047110e-01
3.235297e-01 1.040404e-01
3.237541e-01 1.035723e-01
3.239786e-01 1.033140e-01
3.242033e-01 1.032639e-01
3.244282e-01 1.033968e-01
3.246532e-01 1.036867e-01
3.248784e-01 1.040982e-01
3.251038e-01 1.045915e-01
3.253293e-01 1.051331e-01
3.255549e-01 1.056968e-01
3.257807e-01 1.062558e-01
3.260067e-01 1.067967e-01
3.262328e-01 1.073170e-01
3.264591e-01 1.078216e-01
3.266855e-01 1.083277e-01
3.269121e-01 1.088585e-01
3.271389e-01 1.094236e-01
3.273658e-01 1.100690e-01
3.275929e-01 1.107994e-01
3.278201e-01 1.116440e-01
3.280475e-01 1.126017e-01
3.282750e-01 1.136668e-01
3.285027e-01 1.148217e-01
3.287306e-01 1.160339e-01
3.289586e-01 1.172601e-01
3.291868e-01 1.184471e-01
3.294151e-01 1.195383e-01
3.296436e-01 1.204738e-01
3.298722e-01 1.211976e-01
3.301010e-01 1.216666e-01
3.303300e-01 1.218413e-01
3.305591e-01 1.217044e-01
3.307884e-01 1.212564e-01
3.310178e-01 1.205099e-01
3.312474e-01 1.195018e-01
3.314772e-01 1.182864e-01
3.317071e-01 1.169330e-01
3.319372e-01 1.155221e-01
3.321674e-01 1.141413e-01
3.323978e-01 1.128799e-01
3.326284e-01 1.118262e-01
3.328591e-01 1.110331e-01
3.330900e-01 1.105677e-01
3.333210e-01 1.104400e-01
3.335522e-01 1.106484e-01
3.337836e-01 1.111493e-01
3.340151e-01 1.118819e-01
3.342468e-01 1.127570e-01
3.344786e-01 1.136785e-01
3.347106e-01 1.145399e-01
3.349428e-01 1.152504e-01
3.351751e-01 1.157298e-01
3.354076e-01 1.159305e-01
3.356402e-01 1.158382e-01
3.358730e-01 1.154672e-01
3.361060e-01 1.148580e-01
3.363391e-01 1.140801e-01
3.365724e-01 1.132046e-01
3.368059e-01 1.123185e-01
3.370395e-01 1.114881e-01
3.372733e-01 1.107659e-01
3.375072e-01 1.101776e-01
3.377413e-01 1.097229e-01
3.379756e-01 1.093765e-01
3.382100e-01 1.090916e-01
3.384446e-01 1.088121e-01
3.386793e-01 1.084806e-01
3.389143e-01 1.080548e-01
3.391493e-01 1.075055e-01
3.393846e-01 1.068399e-01
3.396200e-01 1.060923e-01
3.398555e-01 1.053249e-01
3.400913e-01 1.046329e-01
3.403272e-01 1.041168e-01
3.405632e-01 1.038861e-01
3.407994e-01 1.040264e-01
3.410358e-01 1.046026e-01
3.412724e-01 1.056349e-01
3.415091e-01 1.070997e-01
3.417460e-01 1.089229e-01
3.419830e-01 1.109938e-01
3.422202e-01 1.131696e-01
3.424576e-01 1.152866e-01
3.426951e-01 1.171933e-01
3.429328e-01 1.187539e-01
3.431707e-01 1.198697e-01
3.434087e-01 1.204889e-01
3.436469e-01 1.206126e-01
3.438853e-01 1.202787e-01
3.441238e-01 1.195695e-01
3.443625e-01 1.185900e-01
3.446013e-01 1.174485e-01
3.448404e-01 1.162492e-01
3.450795e-01 1.150780e-01
3.453189e-01 1.139906e-01
3.455584e-01 1.130176e-01
3.457981e-01 1.121713e-01
3.460380e-01 1.114460e-01
3.462780e-01 1.108340e-01
3.465182e-01 1.103343e-01
3.467585e-01 1.099566e-01
3.469990e-01 1.097285e-01
3.472397e-01 1.096956e-01
3.474806e-01 1.099042e-01
3.477216e-01 1.103981e-01
3.479628e-01 1.112083e-01
3.482041e-01 1.123360e-01
3.484457e-01 1.137521e-01
3.486873e-01 1.153888e-01
3.489292e-01 1.171480e-01
3.491712e-01 1.189134e-01
3.494134e-01 1.205449e-01
3.496558e-01 1.219277e-01
3.498983e-01 1.229428e-01
3.501410e-01 1.235327e-01
3.503839e-01 1.236474e-01
3.506269e-01 1.232974e-01
3.508701e-01 1.225215e-01
3.511135e-01 1.213959e-01
3.513570e-01 1.200080e-01
3.516007e-01 1.184522e-01
3.518446e-01 1.168243e-01
3.520886e-01 1.152036e-01
3.523328e-01 1.136532e-01
3.525772e-01 1.122151e-01
3.528218e-01 1.109149e-01
3.530665e-01 1.097614e-01
3.533114e-01 1.087545e-01
3.535565e-01 1.078849e-01
3.538017e-01 1.071469e-01
3.540471e-01 1.065232e-01
3.542927e-01 1.060060e-01
3.545384e-01 1.055854e-01
3.547843e-01 1.052487e-01
3.550304e-01 1.049909e-01
3.552767e-01 1.048086e-01
3.555231e-01 1.046922e-01
3.557697e-01 1.046451e-01
3.560165e-01 1.046664e-01
3.562634e-01 1.047594e-01
3.565105e-01 1.049206e-01
3.567578e-01 1.051490e-01
3.570053e-01 1.054304e-01
3.572529e-01 1.057421e-01
3.575007e-01 1.060601e-01
3.577486e-01 1.063377e-01
3.579968e-01 1.065385e-01
3.582451e-01 1.066232e-01
3.584936e-01 1.065598e-01
3.587422e-01 1.063332e-01
3.589911e-01 1.059530e-01
3.592401e-01 1.054441e-01
3.594893e-01 1.048534e-01
3.597386e-01 1.042430e-01
3.599881e-01 1.036916e-01
3.602378e-01 1.032635e-01
3.604877e-01 1.030158e-01
3.607377e-01 1.029877e-01
3.609879e-01 1.031881e-01
3.612383e-01 1.035979e-01
3.614889e-01 1.041712e-01
3.617396e-01 1.048373e-01
3.619905e-01 1.055156e-01
3.622416e-01 1.061210e-01
3.624929e-01 1.065759e-01
3.627443e-01 1.068267e-01
3.629959e-01 1.068502e-01
3.632477e-01 1.066493e-01
3.634997e-01 1.062608e-01
3.637518e-01 1.057512e-01
3.640041e-01 1.052068e-01
3.642566e-01 1.047169e-01
3.645092e-01 1.043680e-01
3.647621e-01 1.042203e-01
3.650151e-01 1.043072e-01
3.652682e-01 1.046313e-01
3.655216e-01 1.051528e-01
3.657751e-01 1.058093e-01
3.660288e-01 1.065126e-01
3.662827e-01 1.071763e-01
3.665368e-01 1.077190e-01
3.667910e-01 1.080784e-01
3.670454e-01 1.082273e-01
3.673000e-01 1.081544e-01
3.675548e-01 1.078951e-01
3.678097e-01 1.074884e-01
3.680649e-01 1.069890e-01
3.683201e-01 1.064579e-01
3.685756e-01 1.059343e-01
3.688313e-01 1.054496e-01
3.690871e-01 1.050157e-01
3.693431e-01 1.046358e-01
3.695993e-01 1.043043e-01
3.698557e-01 1.040175e-01
3.701122e-01 1.037768e-01
3.703689e-01 1.035995e-01
3.706258e-01 1.035047e-01
3.708829e-01 1.035232e-01
3.711401e-01 1.036859e-01
3.713976e-01 1.040158e-01
3.716552e-01 1.045117e-01
3.719130e-01 1.051658e-01
3.721709e-01 1.059437e-01
3.724291e-01 1.067854e-01
3.726874e-01 1.076304e-01
3.729459e-01 1.083977e-01
3.732046e-01 1.090289e-01
3.734634e-01 1.094629e-01
3.737225e-01 1.096709e-01
3.739817e-01 1.096418e-01
3.742411e-01 1.093868e-01
3.745007e-01 1.089457e-01
3.747604e-01 1.083617e-01
3.750204e-01 1.076928e-01
3.752805e-01 1.069934e-01
3.755408e-01 1.063164e-01
3.758013e-01 1.057016e-01
3.760619e-01 1.051733e-01
3.763228e-01 1.047512e-01
3.765838e-01 1.044425e-01
3.768450e-01 1.042357e-01
3.771064e-01 1.041289e-01
3.773680e-01 1.041070e-01
3.776297e-01 1.041595e-01
3.778917e-01 1.042707e-01
3.781538e-01 1.044212e-01
3.784161e-01 1.045909e-01
3.786785e-01 1.047465e-01
3.789412e-01 1.048688e-01
3.792040e-01 1.049247e-01
3.794671e-01 1.048982e-01
3.797303e-01 1.047773e-01
3.799937e-01 1.045699e-01
3.802572e-01 1.042924e-01
3.805210e-01 1.039853e-01
3.807849e-01 1.036973e-01
3.810490e-01 1.034746e-01
3.813133e-01 1.033644e-01
3.815778e-01 1.033919e-01
3.818425e-01 1.035654e-01
3.821073e-01 1.038667e-01
3.823724e-01 1.042601e-01
3.826376e-01 1.046946e-01
3.829030e-01 1.051139e-01
3.831686e-01 1.054676e-01
3.834344e-01 1.057266e-01
3.837003e-01 1.058743e-01
3.839665e-01 1.059280e-01
3.842328e-01 1.059202e-01
3.844993e-01 1.058983e-01
3.847660e-01 1.059127e-01
3.850329e-01 1.060117e-01
3.852999e-01 1.062183e-01
3.855672e-01 1.065521e-01
3.858346e-01 1.069897e-01
3.861023e-01 1.074944e-01
3.863701e-01 1.080051e-01
3.866381e-01 1.084506e-01
3.869062e-01 1.087512e-01
3.871746e-01 1.088210e-01
3.874432e-01 1.086032e-01
3.877119e-01 1.080535e-01
3.879808e-01 1.071640e-01
3.882499e-01 1.059653e-01
3.885192e-01 1.045309e-01
3.887887e-01 1.029792e-01
3.890584e-01 1.014628e-01
3.893282e-01 1.001537e-01
3.895983e-01 9.922066e-02
3.898685e-01 9.880886e-02
3.901389e-01 9.901768e-02
3.904095e-01 9.986956e-02
3.906803e-01 1.013187e-01
3.909513e-01 1.032274e-01
3.912225e-01 1.053993e-01
3.914939e-01 1.075926e-01
3.917654e-01 1.095548e-01
3.920371e-01 1.110650e-01
3.923091e-01 1.119315e-01
3.925812e-01 1.120825e-01
3.928535e-01 1.115158e-01
3.931260e-01 1.103136e-01
3.933986e-01 1.086360e-01
3.936715e-01 1.066787e-01
3.939446e-01 1.046540e-01
3.942178e-01 1.027437e-01
3.944913e-01 1.010919e-01
3.947649e-01 9.977964e-02
3.950387e-01 9.882329e-02
3.953127e-01 9.819799e-02
3.955869e-01 9.783787e-02
3.958613e-01 9.766136e-02
3.961359e-01 9.760226e-02
3.964106e-01 9.760986e-02
3.966856e-01 9.766218e-02
3.969607e-01 9.777638e-02
3.972361e-01 9.796987e-02
3.975116e-01 9.828686e-02
3.977873e-01 9.875491e-02
3.980632e-01 9.939235e-02
3.983393e-01 1.001996e-01
3.986156e-01 1.011503e-01
3.988921e-01 1.022088e-01
3.991688e-01 1.033237e-01
3.994457e-01 1.044479e-01
3.997227e-01 1.055381e-01
4.000000e-01 1.065546e-01
