q  I(q)
5.000000e-03 3.762486e+00
5.006154e-03 3.762281e+00
5.012316e-03 3.762076e+00
5.018485e-03 3.761870e+00
5.024661e-03 3.761663e+00
5.030846e-03 3.761456e+00
5.037038e-03 3.761249e+00
5.043237e-03 3.761040e+00
5.049444e-03 3.760832e+00
5.055659e-03 3.760623e+00
5.061882e-03 3.760413e+00
5.068112e-03 3.760203e+00
5.074350e-03 3.759993e+00
5.080595e-03 3.759782e+00
5.086848e-03 3.759570e+00
5.093109e-03 3.759358e+00
5.099378e-03 3.759145e+00
5.105654e-03 3.758932e+00
5.111938e-03 3.758719e+00
5.118230e-03 3.758504e+00
5.124529e-03 3.758290e+00
5.130836e-03 3.758075e+00
5.137151e-03 3.757859e+00
5.143474e-03 3.757643e+00
5.149805e-03 3.757426e+00
5.156143e-03 3.757209e+00
5.162489e-03 3.756991e+00
5.168843e-03 3.756773e+00
5.175205e-03 3.756554e+00
5.181575e-03 3.756335e+00
5.187952e-03 3.756115e+00
5.194337e-03 3.755894e+00
5.200730e-03 3.755673e+00
5.207131e-03 3.755452e+00
5.213540e-03 3.755230e+00
5.219957e-03 3.755008e+00
5.226382e-03 3.754784e+00
5.232814e-03 3.754561e+00
5.239255e-03 3.754337e+00
5.245703e-03 3.754111e+00
5.252160e-03 3.753886e+00
5.258624e-03 3.753661e+00
5.265096e-03 3.753434e+00
5.271577e-03 3.753207e+00
5.278065e-03 3.752980e+00
5.284561e-03 3.752751e+00
5.291065e-03 3.752523e+00
5.297577e-03 3.752295e+00
5.304098e-03 3.752064e+00
5.310626e-03 3.751834e+00
5.317162e-03 3.751604e+00
5.323707e-03 3.751372e+00
5.330259e-03 3.751140e+00
5.336819e-03 3.750908e+00
5.343388e-03 3.750675e+00
5.349964e-03 3.750441e+00
5.356549e-03 3.750207e+00
5.363142e-03 3.749973e+00
5.369743e-03 3.749737e+00
5.376352e-03 3.749502e+00
5.382969e-03 3.749265e+00
5.389594e-03 3.749028e+00
5.396228e-03 3.748791e+00
5.402870e-03 3.748553e+00
5.409519e-03 3.748314e+00
5.416177e-03 3.748075e+00
5.422844e-03 3.747835e+00
5.429518e-03 3.747594e+00
5.436201e-03 3.747354e+00
5.442891e-03 3.747112e+00
5.449590e-03 3.746870e+00
5.456298e-03 3.746627e+00
5.463013e-03 3.746384e+00
5.469737e-03 3.746140e+00
5.476469e-03 3.745896e+00
5.483210e-03 3.745650e+00
5.489958e-03 3.745405e+00
5.496715e-03 3.745159e+00
5.503481e-03 3.744912e+00
5.510254e-03 3.744664e+00
5.517036e-03 3.744416e+00
5.523827e-03 3.744168e+00
5.530625e-03 3.743918e+00
5.537432e-03 3.743669e+00
5.544248e-03 3.743418e+00
5.551072e-03 3.743167e+00
5.557904e-03 3.742915e+00
5.564745e-03 3.742663e+00
5.571594e-03 3.742411e+00
5.578451e-03 3.742157e+00
5.585317e-03 3.741903e+00
5.592191e-03 3.741648e+00
5.599074e-03 3.741393e+00
5.605966e-03 3.741137e+00
5.612865e-03 3.740881e+00
5.619774e-03 3.740624e+00
5.626690e-03 3.740366e+00
5.633616e-03 3.740107e+00
5.640549e-03 3.739848e+00
5.647492e-03 3.739588e+00
5.654443e-03 3.739329e+00
5.661402e-03 3.739067e+00
5.668370e-03 3.738806e+00
5.675347e-03 3.738544e+00
5.682332e-03 3.738281e+00
5.689326e-03 3.738018e+00
5.696328e-03 3.737754e+00
5.703339e-03 3.737489e+00
5.710359e-03 3.737224e+00
5.717387e-03 3.736958e+00
5.724424e-03 3.736692e+00
5.731470e-03 3.736424e+00
5.738524e-03 3.736156e+00
5.745587e-03 3.735888e+00
5.752658e-03 3.735619e+00
5.759739e-03 3.735349e+00
5.766828e-03 3.735079e+00
5.773926e-03 3.734808e+00
5.781032e-03 3.734536e+00
5.788147e-03 3.734263e+00
5.795271e-03 3.733990e+00
5.802404e-03 3.733717e+00
5.809546e-03 3.733443e+00
5.816696e-03 3.733168e+00
5.823855e-03 3.732892e+00
5.831023e-03 3.732616e+00
5.838200e-03 3.732338e+00
5.845386e-03 3.732061e+00
5.852580e-03 3.731783e+00
5.859783e-03 3.731503e+00
5.866995e-03 3.731224e+00
5.874217e-03 3.730943e+00
5.881446e-03 3.730662e+00
5.888685e-03 3.730381e+00
5.895933e-03 3.730098e+00
5.903190e-03 3.729815e+00
5.910455e-03 3.729532e+00
5.917730e-03 3.729247e+00
5.925013e-03 3.728962e+00
5.932306e-03 3.728676e+00
5.939607e-03 3.728390e+00
5.946918e-03 3.728103e+00
5.954237e-03 3.727815e+00
5.961566e-03 3.727527e+00
5.968903e-03 3.727237e+00
5.976250e-03 3.726947e+00
5.983605e-03 3.726657e+00
5.990970e-03 3.726366e+00
5.998343e-03 3.726074e+00
6.005726e-03 3.725781e+00
6.013118e-03 3.725488e+00
6.020519e-03 3.725194e+00
6.027929e-03 3.724899e+00
6.035348e-03 3.724603e+00
6.042776e-03 3.724307e+00
6.050214e-03 3.724010e+00
6.057660e-03 3.723712e+00
6.065116e-03 3.723414e+00
6.072581e-03 3.723115e+00
6.080055e-03 3.722816e+00
6.087538e-03 3.722515e+00
6.095031e-03 3.722214e+00
6.102532e-03 3.721912e+00
6.110043e-03 3.721609e+00
6.117564e-03 3.721306e+00
6.125093e-03 3.721002e+00
6.132632e-03 3.720697e+00
6.140180e-03 3.720391e+00
6.147737e-03 3.720085e+00
6.155304e-03 3.719778e+00
6.162879e-03 3.719471e+00
6.170465e-03 3.719162e+00
6.178059e-03 3.718853e+00
6.185663e-03 3.718543e+00
6.193276e-03 3.718232e+00
6.200899e-03 3.717921e+00
6.208531e-03 3.717608e+00
6.216173e-03 3.717295e+00
6.223823e-03 3.716982e+00
6.231484e-03 3.716667e+00
6.239153e-03 3.716352e+00
6.246832e-03 3.716036e+00
6.254521e-03 3.715719e+00
6.262219e-03 3.715402e+00
6.269926e-03 3.715084e+00
6.277643e-03 3.714765e+00
6.285370e-03 3.714445e+00
6.293106e-03 3.714124e+00
6.300851e-03 3.713803e+00
6.308606e-03 3.713481e+00
6.316371e-03 3.713158e+00
6.324145e-03 3.712835e+00
6.331929e-03 3.712510e+00
6.339722e-03 3.712185e+00
6.347525e-03 3.711859e+00
6.355338e-03 3.711533e+00
6.363160e-03 3.711205e+00
6.370991e-03 3.710877e+00
6.378833e-03 3.710548e+00
6.386684e-03 3.710218e+00
6.394545e-03 3.709888e+00
6.402415e-03 3.709556e+00
6.410295e-03 3.709224e+00
6.418185e-03 3.708891e+00
6.426084e-03 3.708557e+00
6.433993e-03 3.708222e+00
6.441912e-03 3.707887e+00
6.449841e-03 3.707551e+00
6.457779e-03 3.707214e+00
6.465728e-03 3.706876e+00
6.473686e-03 3.706538e+00
6.481653e-03 3.706198e+00
6.489631e-03 3.705858e+00
6.497618e-03 3.705517e+00
6.505615e-03 3.705175e+00
6.513623e-03 3.704833e+00
6.521639e-03 3.704489e+00
6.529666e-03 3.704145e+00
6.537703e-03 3.703799e+00
6.545749e-03 3.703454e+00
6.553806e-03 3.703107e+00
6.561872e-03 3.702760e+00
6.569949e-03 3.702411e+00
6.578035e-03 3.702062e+00
6.586131e-03 3.701712e+00
6.594237e-03 3.701361e+00
6.602353e-03 3.701010e+00
6.610480e-03 3.700656e+00
6.618616e-03 3.700303e+00
6.626762e-03 3.699949e+00
6.634918e-03 3.699594e+00
6.643084e-03 3.699238e+00
6.651260e-03 3.698881e+00
6.659447e-03 3.698524e+00
6.667643e-03 3.698165e+00
6.675850e-03 3.697806e+00
6.684066e-03 3.697446e+00
6.692293e-03 3.697084e+00
6.700530e-03 3.696723e+00
6.708777e-03 3.696360e+00
6.717034e-03 3.695996e+00
6.725301e-03 3.695632e+00
6.733579e-03 3.695266e+00
6.741866e-03 3.694900e+00
6.750164e-03 3.694533e+00
6.758472e-03 3.694165e+00
6.766790e-03 3.693796e+00
6.775119e-03 3.693426e+00
6.783458e-03 3.693056e+00
6.791807e-03 3.692684e+00
6.800166e-03 3.692312e+00
6.808536e-03 3.691938e+00
6.816916e-03 3.691564e+00
6.825306e-03 3.691189e+00
6.833706e-03 3.690813e+00
6.842117e-03 3.690436e+00
6.850538e-03 3.690059e+00
6.858970e-03 3.689680e+00
6.867412e-03 3.689300e+00
6.875864e-03 3.688920e+00
6.884327e-03 3.688539e+00
6.892800e-03 3.688156e+00
6.901284e-03 3.687773e+00
6.909778e-03 3.687389e+00
6.918283e-03 3.687004e+00
6.926797e-03 3.686618e+00
6.935323e-03 3.686232e+00
6.943859e-03 3.685844e+00
6.952405e-03 3.685455e+00
6.960962e-03 3.685066e+00
6.969530e-03 3.684675e+00
6.978108e-03 3.684284e+00
6.986696e-03 3.683892e+00
6.995296e-03 3.683498e+00
7.003905e-03 3.683104e+00
7.012526e-03 3.682709e+00
7.021157e-03 3.682313e+00
7.029798e-03 3.681916e+00
7.038451e-03 3.681518e+00
7.047113e-03 3.681119e+00
7.055787e-03 3.680719e+00
7.064471e-03 3.680318e+00
7.073166e-03 3.679916e+00
7.081872e-03 3.679514e+00
7.090588e-03 3.679110e+00
7.099315e-03 3.678706e+00
7.108053e-03 3.678300e+00
7.116801e-03 3.677894e+00
7.125561e-03 3.677486e+00
7.134331e-03 3.677078e+00
7.143112e-03 3.676668e+00
7.151903e-03 3.676258e+00
7.160706e-03 3.675846e+00
7.169519e-03 3.675434e+00
7.178343e-03 3.675021e+00
7.187179e-03 3.674606e+00
7.196024e-03 3.674191e+00
7.204881e-03 3.673774e+00
7.213749e-03 3.673358e+00
7.222628e-03 3.672940e+00
7.231517e-03 3.672520e+00
7.240418e-03 3.672100e+00
7.249329e-03 3.671679e+00
7.258252e-03 3.671256e+00
7.267185e-03 3.670833e+00
7.276129e-03 3.670409e+00
7.285085e-03 3.669984e+00
7.294051e-03 3.669557e+00
7.303029e-03 3.669130e+00
7.312017e-03 3.668702e+00
7.321017e-03 3.668273e+00
7.330027e-03 3.667842e+00
7.339049e-03 3.667412e+00
7.348082e-03 3.666979e+00
7.357126e-03 3.666546e+00
7.366181e-03 3.666111e+00
7.375247e-03 3.665676e+00
7.384325e-03 3.665239e+00
7.393413e-03 3.664802e+00
7.402513e-03 3.664364e+00
7.411624e-03 3.663924e+00
7.420746e-03 3.663483e+00
7.429880e-03 3.663042e+00
7.439024e-03 3.662599e+00
7.448180e-03 3.662155e+00
7.457347e-03 3.661711e+00
7.466526e-03 3.661265e+00
7.475716e-03 3.660818e+00
7.484917e-03 3.660371e+00
7.494129e-03 3.659922e+00
7.503353e-03 3.659472e+00
7.512588e-03 3.659020e+00
7.521834e-03 3.658569e+00
7.531092e-03 3.658115e+00
7.540361e-03 3.657661e+00
7.549642e-03 3.657206e+00
7.558934e-03 3.656750e+00
7.568237e-03 3.656291e+00
7.577552e-03 3.655833e+00
7.586879e-03 3.655374e+00
7.596217e-03 3.654913e+00
7.605566e-03 3.654451e+00
7.614927e-03 3.653988e+00
7.624299e-03 3.653525e+00
7.633683e-03 3.653059e+00
7.643079e-03 3.652593e+00
7.652486e-03 3.652126e+00
7.661904e-03 3.651658e+00
7.671335e-03 3.651188e+00
7.680777e-03 3.650717e+00
7.690230e-03 3.650246e+00
7.699695e-03 3.649773e+00
7.709172e-03 3.649299e+00
7.718660e-03 3.648824e+00
7.728160e-03 3.648348e+00
7.737672e-03 3.647871e+00
7.747195e-03 3.647393e+00
7.756731e-03 3.646913e+00
7.766278e-03 3.646432e+00
7.775836e-03 3.645951e+00
7.785407e-03 3.645468e+00
7.794989e-03 3.644984e+00
7.804583e-03 3.644498e+00
7.814189e-03 3.644012e+00
7.823806e-03 3.643525e+00
7.833436e-03 3.643036e+00
7.843077e-03 3.642547e+00
7.852731e-03 3.642055e+00
7.862396e-03 3.641563e+00
7.872073e-03 3.641070e+00
7.881761e-03 3.640576e+00
7.891462e-03 3.640080e+00
7.901175e-03 3.639584e+00
7.910900e-03 3.639086e+00
7.920636e-03 3.638587e+00
7.930385e-03 3.638087e+00
7.940146e-03 3.637585e+00
7.949918e-03 3.637083e+00
7.959703e-03 3.636579e+00
7.969500e-03 3.636074e+00
7.979309e-03 3.635568e+00
7.989130e-03 3.635061e+00
7.998963e-03 3.634552e+00
8.008808e-03 3.634043e+00
8.018665e-03 3.633532e+00
8.028534e-03 3.633020e+00
8.038416e-03 3.632507e+00
8.048309e-03 3.631992e+00
8.058215e-03 3.631476e+00
8.068133e-03 3.630960e+00
8.078063e-03 3.630441e+00
8.088006e-03 3.629922e+00
8.097960e-03 3.629401e+00
8.107927e-03 3.628880e+00
8.117906e-03 3.628357e+00
8.127898e-03 3.627833e+00
8.137902e-03 3.627307e+00
8.147918e-03 3.626781e+00
8.157946e-03 3.626253e+00
8.167987e-03 3.625724e+00
8.178040e-03 3.625194e+00
8.188105e-03 3.624662e+00
8.198183e-03 3.624129e+00
8.208274e-03 3.623595e+00
8.218376e-03 3.623060e+00
8.228491e-03 3.622524e+00
8.238619e-03 3.621985e+00
8.248759e-03 3.621446e+00
8.258912e-03 3.620906e+00
8.269077e-03 3.620364e+00
8.279254e-03 3.619822e+00
8.289444e-03 3.619277e+00
8.299647e-03 3.618732e+00
8.309862e-03 3.618186e+00
8.320090e-03 3.617638e+00
8.330330e-03 3.617088e+00
8.340583e-03 3.616538e+00
8.350848e-03 3.615986e+00
8.361127e-03 3.615433e+00
8.371417e-03 3.614879e+00
8.381721e-03 3.614323e+00
8.392037e-03 3.613766e+00
8.402366e-03 3.613208e+00
8.412707e-03 3.612648e+00
8.423062e-03 3.612087e+00
8.433429e-03 3.611525e+00
8.443809e-03 3.610962e+00
8.454201e-03 3.610397e+00
8.464607e-03 3.609831e+00
8.475025e-03 3.609263e+00
8.485456e-03 3.608694e+00
8.495900e-03 3.608124e+00
8.506356e-03 3.607553e+00
8.516826e-03 3.606980e+00
8.527308e-03 3.606406e+00
8.537804e-03 3.605831e+00
8.548312e-03 3.605254e+00
8.558833e-03 3.604676e+00
8.569367e-03 3.604096e+00
8.579914e-03 3.603516e+00
8.590474e-03 3.602934e+00
8.601048e-03 3.602350e+00
8.611634e-03 3.601765e+00
8.622233e-03 3.601179e+00
8.632845e-03 3.600591e+00
8.643470e-03 3.600002e+00
8.654109e-03 3.599412e+00
8.664760e-03 3.598820e+00
8.675425e-03 3.598228e+00
8.686102e-03 3.597633e+00
8.696793e-03 3.597037e+00
8.707497e-03 3.596440e+00
8.718214e-03 3.595841e+00
8.728944e-03 3.595241e+00
8.739688e-03 3.594640e+00
8.750445e-03 3.594037e+00
8.761215e-03 3.593433e+00
8.771998e-03 3.592827e+00
8.782794e-03 3.592221e+00
8.793604e-03 3.591612e+00
8.804427e-03 3.591002e+00
8.815264e-03 3.590391e+00
8.826114e-03 3.589778e+00
8.836977e-03 3.589165e+00
8.847853e-03 3.588549e+00
8.858743e-03 3.587932e+00
8.869646e-03 3.587314e+00
8.880563e-03 3.586694e+00
8.891493e-03 3.586073e+00
8.902437e-03 3.585450e+00
8.913394e-03 3.584826e+00
8.924364e-03 3.584201e+00
8.935348e-03 3.583574e+00
8.946346e-03 3.582945e+00
8.957357e-03 3.582315e+00
8.968382e-03 3.581684e+00
8.979420e-03 3.581051e+00
8.990472e-03 3.580417e+00
9.001537e-03 3.579781e+00
9.012616e-03 3.579144e+00
9.023709e-03 3.578505e+00
9.034815e-03 3.577865e+00
9.045935e-03 3.577224e+00
9.057069e-03 3.576581e+00
9.068216e-03 3.575936e+00
9.079377e-03 3.575290e+00
9.090552e-03 3.574642e+00
9.101741e-03 3.573993e+00
9.112943e-03 3.573343e+00
9.124159e-03 3.572690e+00
9.135389e-03 3.572037e+00
9.146633e-03 3.571382e+00
9.157891e-03 3.570725e+00
9.169162e-03 3.570067e+00
9.180447e-03 3.569407e+00
9.191747e-03 3.568746e+00
9.203060e-03 3.568084e+00
9.214387e-03 3.567419e+00
9.225728e-03 3.566754e+00
9.237083e-03 3.566087e+00
9.248452e-03 3.565418e+00
9.259835e-03 3.564747e+00
9.271232e-03 3.564075e+00
9.282643e-03 3.563402e+00
9.294068e-03 3.562727e+00
9.305507e-03 3.562051e+00
9.316960e-03 3.561372e+00
9.328427e-03 3.560693e+00
9.339908e-03 3.560011e+00
9.351404e-03 3.559329e+00
9.362914e-03 3.558644e+00
9.374437e-03 3.557958e+00
9.385975e-03 3.557271e+00
9.397528e-03 3.556581e+00
9.409094e-03 3.555891e+00
9.420675e-03 3.555199e+00
9.432270e-03 3.554505e+00
9.443879e-03 3.553809e+00
9.455502e-03 3.553112e+00
9.467140e-03 3.552414e+00
9.478792e-03 3.551713e+00
9.490459e-03 3.551011e+00
9.502139e-03 3.550308e+00
9.513834e-03 3.549603e+00
9.525544e-03 3.548896e+00
9.537268e-03 3.548188e+00
9.549006e-03 3.547478e+00
9.560759e-03 3.546767e+00
9.572527e-03 3.546053e+00
9.584308e-03 3.545338e+00
9.596105e-03 3.544622e+00
9.607916e-03 3.543904e+00
9.619741e-03 3.543184e+00
9.631581e-03 3.542463e+00
9.643435e-03 3.541739e+00
9.655304e-03 3.541015e+00
9.667188e-03 3.540289e+00
9.679086e-03 3.539560e+00
9.690999e-03 3.538831e+00
9.702927e-03 3.538099e+00
9.714869e-03 3.537366e+00
9.726826e-03 3.536631e+00
9.738798e-03 3.535895e+00
9.750784e-03 3.535156e+00
9.762786e-03 3.534417e+00
9.774802e-03 3.533675e+00
9.786832e-03 3.532932e+00
9.798878e-03 3.532187e+00
9.810938e-03 3.531441e+00
9.823014e-03 3.530692e+00
9.835104e-03 3.529943e+00
9.847209e-03 3.529191e+00
9.859328e-03 3.528437e+00
9.871463e-03 3.527682e+00
9.883613e-03 3.526925e+00
9.895778e-03 3.526166e+00
9.907957e-03 3.525406e+00
9.920152e-03 3.524644e+00
9.932362e-03 3.523880e+00
9.944586e-03 3.523115e+00
9.956826e-03 3.522348e+00
9.969081e-03 3.521579e+00
9.981351e-03 3.520808e+00
9.993636e-03 3.520035e+00
1.000594e-02 3.519261e+00
1.001825e-02 3.518485e+00
1.003058e-02 3.517707e+00
1.004293e-02 3.516927e+00
1.005529e-02 3.516146e+00
1.006766e-02 3.515363e+00
1.008005e-02 3.514578e+00
1.009246e-02 3.513791e+00
1.010488e-02 3.513002e+00
1.011732e-02 3.512213e+00
1.012977e-02 3.511420e+00
1.014224e-02 3.510626e+00
1.015472e-02 3.509830e+00
1.016722e-02 3.509033e+00
1.017974e-02 3.508234e+00
1.019226e-02 3.507433e+00
1.020481e-02 3.506630e+00
1.021737e-02 3.505825e+00
1.022994e-02 3.505018e+00
1.024254e-02 3.504210e+00
1.025514e-02 3.503400e+00
1.026776e-02 3.502587e+00
1.028040e-02 3.501773e+00
1.029305e-02 3.500958e+00
1.030572e-02 3.500140e+00
1.031841e-02 3.499321e+00
1.033111e-02 3.498499e+00
1.034382e-02 3.497676e+00
1.035655e-02 3.496851e+00
1.036930e-02 3.496024e+00
1.038206e-02 3.495195e+00
1.039484e-02 3.494365e+00
1.040763e-02 3.493532e+00
1.042044e-02 3.492697e+00
1.043327e-02 3.491861e+00
1.044611e-02 3.491023e+00
1.045897e-02 3.490183e+00
1.047184e-02 3.489341e+00
1.048473e-02 3.488497e+00
1.049763e-02 3.487651e+00
1.051055e-02 3.486803e+00
1.052349e-02 3.485954e+00
1.053644e-02 3.485102e+00
1.054941e-02 3.484249e+00
1.056240e-02 3.483393e+00
1.057540e-02 3.482536e+00
1.058841e-02 3.481677e+00
1.060144e-02 3.480815e+00
1.061449e-02 3.479952e+00
1.062756e-02 3.479087e+00
1.064064e-02 3.478220e+00
1.065373e-02 3.477351e+00
1.066685e-02 3.476480e+00
1.067997e-02 3.475607e+00
1.069312e-02 3.474732e+00
1.070628e-02 3.473855e+00
1.071946e-02 3.472976e+00
1.073265e-02 3.472096e+00
1.074586e-02 3.471213e+00
1.075909e-02 3.470328e+00
1.077233e-02 3.469441e+00
1.078559e-02 3.468553e+00
1.079886e-02 3.467662e+00
1.081215e-02 3.466769e+00
1.082546e-02 3.465874e+00
1.083878e-02 3.464978e+00
1.085212e-02 3.464079e+00
1.086548e-02 3.463178e+00
1.087885e-02 3.462276e+00
1.089224e-02 3.461370e+00
1.090565e-02 3.460464e+00
1.091907e-02 3.459555e+00
1.093251e-02 3.458644e+00
1.094597e-02 3.457731e+00
1.095944e-02 3.456816e+00
1.097293e-02 3.455899e+00
1.098643e-02 3.454979e+00
1.099996e-02 3.454058e+00
1.101350e-02 3.453135e+00
1.102705e-02 3.452210e+00
1.104062e-02 3.451283e+00
1.105421e-02 3.450353e+00
1.106782e-02 3.449422e+00
1.108144e-02 3.448488e+00
1.109508e-02 3.447553e+00
1.110873e-02 3.446614e+00
1.112241e-02 3.445675e+00
1.113610e-02 3.444733e+00
1.114980e-02 3.443789e+00
1.116352e-02 3.442842e+00
1.117726e-02 3.441895e+00
1.119102e-02 3.440944e+00
1.120480e-02 3.439991e+00
1.121859e-02 3.439037e+00
1.123239e-02 3.438080e+00
1.124622e-02 3.437121e+00
1.126006e-02 3.436160e+00
1.127392e-02 3.435197e+00
1.128780e-02 3.434231e+00
1.130169e-02 3.433264e+00
1.131560e-02 3.432294e+00
1.132953e-02 3.431323e+00
1.134347e-02 3.430349e+00
1.135743e-02 3.429372e+00
1.137141e-02 3.428394e+00
1.138541e-02 3.427414e+00
1.139942e-02 3.426431e+00
1.141345e-02 3.425446e+00
1.142750e-02 3.424459e+00
1.144156e-02 3.423470e+00
1.145564e-02 3.422479e+00
1.146974e-02 3.421485e+00
1.148386e-02 3.420489e+00
1.149799e-02 3.419492e+00
1.151215e-02 3.418491e+00
1.152632e-02 3.417489e+00
1.154050e-02 3.416484e+00
1.155471e-02 3.415478e+00
1.156893e-02 3.414468e+00
1.158317e-02 3.413456e+00
1.159742e-02 3.412443e+00
1.161170e-02 3.411427e+00
1.162599e-02 3.410409e+00
1.164030e-02 3.409389e+00
1.165462e-02 3.408366e+00
1.166897e-02 3.407341e+00
1.168333e-02 3.406315e+00
1.169771e-02 3.405285e+00
1.171211e-02 3.404253e+00
1.172652e-02 3.403220e+00
1.174096e-02 3.402183e+00
1.175541e-02 3.401145e+00
1.176988e-02 3.400104e+00
1.178436e-02 3.399061e+00
1.179887e-02 3.398016e+00
1.181339e-02 3.396968e+00
1.182793e-02 3.395919e+00
1.184249e-02 3.394866e+00
1.185706e-02 3.393811e+00
1.187165e-02 3.392755e+00
1.188627e-02 3.391695e+00
1.190090e-02 3.390634e+00
1.191554e-02 3.389570e+00
1.193021e-02 3.388504e+00
1.194489e-02 3.387436e+00
1.195959e-02 3.386364e+00
1.197431e-02 3.385291e+00
1.198905e-02 3.384215e+00
1.200381e-02 3.383137e+00
1.201858e-02 3.382057e+00
1.203337e-02 3.380974e+00
1.204818e-02 3.379889e+00
1.206301e-02 3.378802e+00
1.207786e-02 3.377712e+00
1.209273e-02 3.376620e+00
1.210761e-02 3.375525e+00
1.212251e-02 3.374428e+00
1.213743e-02 3.373328e+00
1.215237e-02 3.372226e+00
1.216733e-02 3.371122e+00
1.218230e-02 3.370015e+00
1.219730e-02 3.368907e+00
1.221231e-02 3.367795e+00
1.222734e-02 3.366681e+00
1.224239e-02 3.365565e+00
1.225746e-02 3.364446e+00
1.227254e-02 3.363325e+00
1.228765e-02 3.362202e+00
1.230277e-02 3.361075e+00
1.231791e-02 3.359947e+00
1.233308e-02 3.358816e+00
1.234825e-02 3.357682e+00
1.236345e-02 3.356546e+00
1.237867e-02 3.355408e+00
1.239391e-02 3.354267e+00
1.240916e-02 3.353123e+00
1.242443e-02 3.351977e+00
1.243972e-02 3.350829e+00
1.245504e-02 3.349678e+00
1.247037e-02 3.348525e+00
1.248571e-02 3.347369e+00
1.250108e-02 3.346210e+00
1.251647e-02 3.345050e+00
1.253187e-02 3.343886e+00
1.254730e-02 3.342720e+00
1.256274e-02 3.341552e+00
1.257820e-02 3.340381e+00
1.259368e-02 3.339207e+00
1.260918e-02 3.338031e+00
1.262470e-02 3.336852e+00
1.264024e-02 3.335671e+00
1.265580e-02 3.334487e+00
1.267137e-02 3.333301e+00
1.268697e-02 3.332112e+00
1.270259e-02 3.330921e+00
1.271822e-02 3.329727e+00
1.273387e-02 3.328530e+00
1.274955e-02 3.327331e+00
1.276524e-02 3.326129e+00
1.278095e-02 3.324925e+00
1.279668e-02 3.323718e+00
1.281243e-02 3.322508e+00
1.282820e-02 3.321296e+00
1.284399e-02 3.320081e+00
1.285980e-02 3.318864e+00
1.287562e-02 3.317644e+00
1.289147e-02 3.316422e+00
1.290734e-02 3.315197e+00
1.292323e-02 3.313968e+00
1.293913e-02 3.312738e+00
1.295506e-02 3.311505e+00
1.297100e-02 3.310268e+00
1.298697e-02 3.309030e+00
1.300295e-02 3.307789e+00
1.301895e-02 3.306545e+00
1.303498e-02 3.305298e+00
1.305102e-02 3.304050e+00
1.306708e-02 3.302798e+00
1.308317e-02 3.301543e+00
1.309927e-02 3.300286e+00
1.311539e-02 3.299026e+00
1.313153e-02 3.297763e+00
1.314770e-02 3.296498e+00
1.316388e-02 3.295230e+00
1.318008e-02 3.293959e+00
1.319630e-02 3.292686e+00
1.321254e-02 3.291410e+00
1.322881e-02 3.290131e+00
1.324509e-02 3.288850e+00
1.326139e-02 3.287565e+00
1.327771e-02 3.286278e+00
1.329405e-02 3.284988e+00
1.331042e-02 3.283695e+00
1.332680e-02 3.282401e+00
1.334320e-02 3.281102e+00
1.335962e-02 3.279801e+00
1.337607e-02 3.278498e+00
1.339253e-02 3.277192e+00
1.340901e-02 3.275882e+00
1.342552e-02 3.274570e+00
1.344204e-02 3.273256e+00
1.345859e-02 3.271938e+00
1.347515e-02 3.270618e+00
1.349174e-02 3.269295e+00
1.350834e-02 3.267968e+00
1.352497e-02 3.266640e+00
1.354161e-02 3.265308e+00
1.355828e-02 3.263974e+00
1.357497e-02 3.262637e+00
1.359168e-02 3.261297e+00
1.360841e-02 3.259954e+00
1.362515e-02 3.258609e+00
1.364192e-02 3.257260e+00
1.365871e-02 3.255908e+00
1.367553e-02 3.254554e+00
1.369236e-02 3.253197e+00
1.370921e-02 3.251837e+00
1.372608e-02 3.250475e+00
1.374298e-02 3.249109e+00
1.375989e-02 3.247740e+00
1.377683e-02 3.246369e+00
1.379378e-02 3.244994e+00
1.381076e-02 3.243617e+00
1.382776e-02 3.242237e+00
1.384478e-02 3.240854e+00
1.386182e-02 3.239468e+00
1.387888e-02 3.238079e+00
1.389596e-02 3.236687e+00
1.391306e-02 3.235292e+00
1.393019e-02 3.233895e+00
1.394733e-02 3.232495e+00
1.396450e-02 3.231091e+00
1.398169e-02 3.229684e+00
1.399890e-02 3.228275e+00
1.401613e-02 3.226863e+00
1.403338e-02 3.225447e+00
1.405065e-02 3.224029e+00
1.406794e-02 3.222608e+00
1.408526e-02 3.221183e+00
1.410259e-02 3.219756e+00
1.411995e-02 3.218326e+00
1.413733e-02 3.216893e+00
1.415473e-02 3.215457e+00
1.417215e-02 3.214018e+00
1.418959e-02 3.212575e+00
1.420706e-02 3.211130e+00
1.422454e-02 3.209682e+00
1.424205e-02 3.208231e+00
1.425958e-02 3.206777e+00
1.427713e-02 3.205320e+00
1.429470e-02 3.203860e+00
1.431230e-02 3.202396e+00
1.432991e-02 3.200930e+00
1.434755e-02 3.199461e+00
1.436521e-02 3.197988e+00
1.438289e-02 3.196513e+00
1.440059e-02 3.195034e+00
1.441832e-02 3.193552e+00
1.443606e-02 3.192068e+00
1.445383e-02 3.190580e+00
1.447162e-02 3.189090e+00
1.448943e-02 3.187596e+00
1.450726e-02 3.186099e+00
1.452512e-02 3.184599e+00
1.454300e-02 3.183095e+00
1.456090e-02 3.181589e+00
1.457882e-02 3.180080e+00
1.459676e-02 3.178567e+00
1.461473e-02 3.177052e+00
1.463271e-02 3.175533e+00
1.465072e-02 3.174011e+00
1.466876e-02 3.172486e+00
1.468681e-02 3.170958e+00
1.470489e-02 3.169427e+00
1.472299e-02 3.167892e+00
1.474111e-02 3.166355e+00
1.475925e-02 3.164814e+00
1.477742e-02 3.163270e+00
1.479560e-02 3.161723e+00
1.481381e-02 3.160173e+00
1.483205e-02 3.158620e+00
1.485030e-02 3.157063e+00
1.486858e-02 3.155504e+00
1.488688e-02 3.153941e+00
1.490520e-02 3.152375e+00
1.492355e-02 3.150805e+00
1.494192e-02 3.149233e+00
1.496031e-02 3.147657e+00
1.497872e-02 3.146078e+00
1.499715e-02 3.144496e+00
1.501561e-02 3.142910e+00
1.503409e-02 3.141322e+00
1.505260e-02 3.139730e+00
1.507112e-02 3.138135e+00
1.508967e-02 3.136536e+00
1.510825e-02 3.134935e+00
1.512684e-02 3.133330e+00
1.514546e-02 3.131722e+00
1.516410e-02 3.130111e+00
1.518276e-02 3.128496e+00
1.520145e-02 3.126878e+00
1.522016e-02 3.125257e+00
1.523889e-02 3.123632e+00
1.525765e-02 3.122005e+00
1.527643e-02 3.120373e+00
1.529523e-02 3.118739e+00
1.531406e-02 3.117102e+00
1.533290e-02 3.115461e+00
1.535178e-02 3.113816e+00
1.537067e-02 3.112169e+00
1.538959e-02 3.110518e+00
1.540853e-02 3.108864e+00
1.542750e-02 3.107206e+00
1.544648e-02 3.105545e+00
1.546550e-02 3.103881e+00
1.548453e-02 3.102213e+00
1.550359e-02 3.100543e+00
1.552267e-02 3.098868e+00
1.554178e-02 3.097190e+00
1.556090e-02 3.095510e+00
1.558006e-02 3.093825e+00
1.559923e-02 3.092137e+00
1.561843e-02 3.090446e+00
1.563765e-02 3.088752e+00
1.565690e-02 3.087054e+00
1.567617e-02 3.085353e+00
1.569547e-02 3.083648e+00
1.571478e-02 3.081940e+00
1.573413e-02 3.080228e+00
1.575349e-02 3.078514e+00
1.577288e-02 3.076795e+00
1.579229e-02 3.075073e+00
1.581173e-02 3.073348e+00
1.583119e-02 3.071620e+00
1.585068e-02 3.069888e+00
1.587018e-02 3.068152e+00
1.588972e-02 3.066413e+00
1.590927e-02 3.064671e+00
1.592886e-02 3.062925e+00
1.594846e-02 3.061176e+00
1.596809e-02 3.059423e+00
1.598774e-02 3.057667e+00
1.600742e-02 3.055907e+00
1.602712e-02 3.054144e+00
1.604685e-02 3.052377e+00
1.606660e-02 3.050607e+00
1.608637e-02 3.048834e+00
1.610617e-02 3.047056e+00
1.612600e-02 3.045276e+00
1.614584e-02 3.043492e+00
1.616572e-02 3.041704e+00
1.618561e-02 3.039913e+00
1.620553e-02 3.038118e+00
1.622548e-02 3.036320e+00
1.624545e-02 3.034518e+00
1.626544e-02 3.032713e+00
1.628546e-02 3.030904e+00
1.630551e-02 3.029092e+00
1.632558e-02 3.027276e+00
1.634567e-02 3.025457e+00
1.636579e-02 3.023634e+00
1.638593e-02 3.021807e+00
1.640610e-02 3.019977e+00
1.642629e-02 3.018143e+00
1.644651e-02 3.016306e+00
1.646675e-02 3.014465e+00
1.648702e-02 3.012620e+00
1.650731e-02 3.010772e+00
1.652763e-02 3.008921e+00
1.654797e-02 3.007066e+00
1.656834e-02 3.005207e+00
1.658873e-02 3.003345e+00
1.660915e-02 3.001478e+00
1.662959e-02 2.999609e+00
1.665006e-02 2.997736e+00
1.667055e-02 2.995858e+00
1.669107e-02 2.993978e+00
1.671161e-02 2.992094e+00
1.673218e-02 2.990206e+00
1.675277e-02 2.988314e+00
1.677339e-02 2.986420e+00
1.679404e-02 2.984521e+00
1.681471e-02 2.982618e+00
1.683540e-02 2.980712e+00
1.685612e-02 2.978803e+00
1.687687e-02 2.976889e+00
1.689764e-02 2.974972e+00
1.691844e-02 2.973051e+00
1.693926e-02 2.971127e+00
1.696011e-02 2.969199e+00
1.698099e-02 2.967267e+00
1.700189e-02 2.965332e+00
1.702281e-02 2.963392e+00
1.704376e-02 2.961450e+00
1.706474e-02 2.959503e+00
1.708574e-02 2.957553e+00
1.710677e-02 2.955599e+00
1.712783e-02 2.953641e+00
1.714891e-02 2.951679e+00
1.717001e-02 2.949714e+00
1.719115e-02 2.947745e+00
1.721231e-02 2.945772e+00
1.723349e-02 2.943796e+00
1.725470e-02 2.941815e+00
1.727594e-02 2.939832e+00
1.729720e-02 2.937844e+00
1.731849e-02 2.935853e+00
1.733981e-02 2.933857e+00
1.736115e-02 2.931858e+00
1.738252e-02 2.929856e+00
1.740391e-02 2.927850e+00
1.742533e-02 2.925839e+00
1.744678e-02 2.923825e+00
1.746825e-02 2.921807e+00
1.748975e-02 2.919785e+00
1.751128e-02 2.917760e+00
1.753283e-02 2.915730e+00
1.755441e-02 2.913697e+00
1.757602e-02 2.911661e+00
1.759765e-02 2.909620e+00
1.761931e-02 2.907575e+00
1.764099e-02 2.905527e+00
1.766271e-02 2.903475e+00
1.768444e-02 2.901418e+00
1.770621e-02 2.899359e+00
1.772800e-02 2.897295e+00
1.774982e-02 2.895228e+00
1.777167e-02 2.893157e+00
1.779354e-02 2.891081e+00
1.781544e-02 2.889002e+00
1.783737e-02 2.886919e+00
1.785932e-02 2.884832e+00
1.788130e-02 2.882742e+00
1.790331e-02 2.880647e+00
1.792535e-02 2.878550e+00
1.794741e-02 2.876447e+00
1.796950e-02 2.874341e+00
1.799162e-02 2.872231e+00
1.801376e-02 2.870117e+00
1.803593e-02 2.867999e+00
1.805813e-02 2.865878e+00
1.808036e-02 2.863751e+00
1.810261e-02 2.861623e+00
1.812489e-02 2.859489e+00
1.814720e-02 2.857352e+00
1.816953e-02 2.855211e+00
1.819190e-02 2.853065e+00
1.821429e-02 2.850916e+00
1.823670e-02 2.848763e+00
1.825915e-02 2.846607e+00
1.828162e-02 2.844446e+00
1.830412e-02 2.842281e+00
1.832665e-02 2.840112e+00
1.834921e-02 2.837940e+00
1.837179e-02 2.835763e+00
1.839441e-02 2.833582e+00
1.841705e-02 2.831398e+00
1.843971e-02 2.829209e+00
1.846241e-02 2.827017e+00
1.848513e-02 2.824821e+00
1.850788e-02 2.822620e+00
1.853066e-02 2.820416e+00
1.855347e-02 2.818208e+00
1.857631e-02 2.815995e+00
1.859917e-02 2.813779e+00
1.862206e-02 2.811559e+00
1.864498e-02 2.809335e+00
1.866793e-02 2.807106e+00
1.869090e-02 2.804874e+00
1.871391e-02 2.802638e+00
1.873694e-02 2.800398e+00
1.876000e-02 2.798154e+00
1.878309e-02 2.795905e+00
1.880621e-02 2.793653e+00
1.882936e-02 2.791397e+00
1.885253e-02 2.789137e+00
1.887574e-02 2.786872e+00
1.889897e-02 2.784604e+00
1.892223e-02 2.782332e+00
1.894552e-02 2.780056e+00
1.896884e-02 2.777775e+00
1.899218e-02 2.775491e+00
1.901556e-02 2.773202e+00
1.903896e-02 2.770910e+00
1.906240e-02 2.768613e+00
1.908586e-02 2.766312e+00
1.910935e-02 2.764008e+00
1.913287e-02 2.761699e+00
1.915642e-02 2.759387e+00
1.917999e-02 2.757069e+00
1.920360e-02 2.754748e+00
1.922724e-02 2.752424e+00
1.925090e-02 2.750095e+00
1.927460e-02 2.747762e+00
1.929832e-02 2.745425e+00
1.932207e-02 2.743083e+00
1.934585e-02 2.740738e+00
1.936966e-02 2.738389e+00
1.939350e-02 2.736035e+00
1.941737e-02 2.733677e+00
1.944127e-02 2.731316e+00
1.946520e-02 2.728950e+00
1.948916e-02 2.726580e+00
1.951314e-02 2.724207e+00
1.953716e-02 2.721828e+00
1.956121e-02 2.719446e+00
1.958528e-02 2.717060e+00
1.960939e-02 2.714670e+00
1.963352e-02 2.712276e+00
1.965769e-02 2.709877e+00
1.968188e-02 2.707474e+00
1.970611e-02 2.705067e+00
1.973036e-02 2.702657e+00
1.975465e-02 2.700241e+00
1.977896e-02 2.697822e+00
1.980330e-02 2.695399e+00
1.982768e-02 2.692971e+00
1.985208e-02 2.690540e+00
1.987651e-02 2.688104e+00
1.990098e-02 2.685665e+00
1.992547e-02 2.683220e+00
1.995000e-02 2.680773e+00
1.997455e-02 2.678320e+00
1.999914e-02 2.675864e+00
2.002375e-02 2.673404e+00
2.004840e-02 2.670939e+00
2.007307e-02 2.668470e+00
2.009778e-02 2.665997e+00
2.012251e-02 2.663520e+00
2.014728e-02 2.661039e+00
2.017208e-02 2.658553e+00
2.019690e-02 2.656064e+00
2.022176e-02 2.653570e+00
2.024665e-02 2.651072e+00
2.027157e-02 2.648570e+00
2.029652e-02 2.646064e+00
2.032150e-02 2.643553e+00
2.034651e-02 2.641039e+00
2.037156e-02 2.638520e+00
2.039663e-02 2.635997e+00
2.042173e-02 2.633470e+00
2.044687e-02 2.630939e+00
2.047203e-02 2.628403e+00
2.049723e-02 2.625864e+00
2.052246e-02 2.623320e+00
2.054772e-02 2.620772e+00
2.057301e-02 2.618219e+00
2.059833e-02 2.615663e+00
2.062368e-02 2.613103e+00
2.064906e-02 2.610538e+00
2.067448e-02 2.607969e+00
2.069992e-02 2.605396e+00
2.072540e-02 2.602818e+00
2.075091e-02 2.600237e+00
2.077645e-02 2.597651e+00
2.080202e-02 2.595061e+00
2.082763e-02 2.592468e+00
2.085326e-02 2.589869e+00
2.087893e-02 2.587267e+00
2.090462e-02 2.584660e+00
2.093035e-02 2.582049e+00
2.095611e-02 2.579434e+00
2.098191e-02 2.576815e+00
2.100773e-02 2.574191e+00
2.103359e-02 2.571563e+00
2.105947e-02 2.568932e+00
2.108539e-02 2.566296e+00
2.111135e-02 2.563655e+00
2.113733e-02 2.561011e+00
2.116335e-02 2.558362e+00
2.118939e-02 2.555709e+00
2.121547e-02 2.553052e+00
2.124159e-02 2.550391e+00
2.126773e-02 2.547725e+00
2.129391e-02 2.545056e+00
2.132011e-02 2.542382e+00
2.134635e-02 2.539703e+00
2.137263e-02 2.537021e+00
2.139893e-02 2.534334e+00
2.142527e-02 2.531644e+00
2.145164e-02 2.528949e+00
2.147804e-02 2.526249e+00
2.150448e-02 2.523546e+00
2.153095e-02 2.520838e+00
2.155745e-02 2.518126e+00
2.158398e-02 2.515410e+00
2.161054e-02 2.512690e+00
2.163714e-02 2.509966e+00
2.166377e-02 2.507237e+00
2.169044e-02 2.504504e+00
2.171713e-02 2.501767e+00
2.174386e-02 2.499025e+00
2.177062e-02 2.496280e+00
2.179742e-02 2.493530e+00
2.182425e-02 2.490776e+00
2.185111e-02 2.488018e+00
2.187800e-02 2.485255e+00
2.190493e-02 2.482489e+00
2.193189e-02 2.479718e+00
2.195888e-02 2.476943e+00
2.198591e-02 2.474164e+00
2.201297e-02 2.471380e+00
2.204006e-02 2.468593e+00
2.206719e-02 2.465801e+00
2.209435e-02 2.463005e+00
2.212155e-02 2.460205e+00
2.214877e-02 2.457400e+00
2.217603e-02 2.454592e+00
2.220333e-02 2.451779e+00
2.223065e-02 2.448961e+00
2.225802e-02 2.446140e+00
2.228541e-02 2.443315e+00
2.231284e-02 2.440485e+00
2.234030e-02 2.437651e+00
2.236780e-02 2.434813e+00
2.239533e-02 2.431971e+00
2.242289e-02 2.429125e+00
2.245049e-02 2.426274e+00
2.247812e-02 2.423419e+00
2.250579e-02 2.420560e+00
2.253349e-02 2.417696e+00
2.256122e-02 2.414829e+00
2.258899e-02 2.411958e+00
2.261679e-02 2.409082e+00
2.264463e-02 2.406202e+00
2.267250e-02 2.403317e+00
2.270041e-02 2.400429e+00
2.272835e-02 2.397537e+00
2.275632e-02 2.394640e+00
2.278433e-02 2.391739e+00
2.281237e-02 2.388834e+00
2.284045e-02 2.385925e+00
2.286856e-02 2.383012e+00
2.289671e-02 2.380094e+00
2.292489e-02 2.377172e+00
2.295310e-02 2.374246e+00
2.298135e-02 2.371316e+00
2.300964e-02 2.368382e+00
2.303796e-02 2.365444e+00
2.306631e-02 2.362501e+00
2.309470e-02 2.359555e+00
2.312313e-02 2.356604e+00
2.315159e-02 2.353649e+00
2.318008e-02 2.350690e+00
2.320861e-02 2.347727e+00
2.323718e-02 2.344759e+00
2.326578e-02 2.341788e+00
2.329441e-02 2.338812e+00
2.332308e-02 2.335832e+00
2.335179e-02 2.332848e+00
2.338053e-02 2.329860e+00
2.340931e-02 2.326869e+00
2.343812e-02 2.323872e+00
2.346697e-02 2.320872e+00
2.349585e-02 2.317867e+00
2.352477e-02 2.314859e+00
2.355372e-02 2.311846e+00
2.358271e-02 2.308829e+00
2.361174e-02 2.305808e+00
2.364080e-02 2.302783e+00
2.366990e-02 2.299754e+00
2.369903e-02 2.296721e+00
2.372820e-02 2.293684e+00
2.375740e-02 2.290642e+00
2.378664e-02 2.287596e+00
2.381592e-02 2.284547e+00
2.384523e-02 2.281494e+00
2.387458e-02 2.278436e+00
2.390396e-02 2.275374e+00
2.393339e-02 2.272309e+00
2.396284e-02 2.269239e+00
2.399234e-02 2.266165e+00
2.402187e-02 2.263087e+00
2.405143e-02 2.260005e+00
2.408103e-02 2.256919e+00
2.411067e-02 2.253829e+00
2.414035e-02 2.250735e+00
2.417006e-02 2.247637e+00
2.419981e-02 2.244534e+00
2.422959e-02 2.241428e+00
2.425941e-02 2.238318e+00
2.428927e-02 2.235204e+00
2.431917e-02 2.232086e+00
2.434910e-02 2.228964e+00
2.437907e-02 2.225838e+00
2.440907e-02 2.222708e+00
2.443912e-02 2.219573e+00
2.446920e-02 2.216435e+00
2.449931e-02 2.213293e+00
2.452947e-02 2.210147e+00
2.455966e-02 2.206997e+00
2.458988e-02 2.203843e+00
2.462015e-02 2.200685e+00
2.465045e-02 2.197523e+00
2.468079e-02 2.194357e+00
2.471117e-02 2.191188e+00
2.474158e-02 2.188014e+00
2.477203e-02 2.184836e+00
2.480252e-02 2.181655e+00
2.483305e-02 2.178469e+00
2.486362e-02 2.175280e+00
2.489422e-02 2.172087e+00
2.492486e-02 2.168889e+00
2.495553e-02 2.165689e+00
2.498625e-02 2.162483e+00
2.501700e-02 2.159274e+00
2.504779e-02 2.156062e+00
2.507862e-02 2.152845e+00
2.510949e-02 2.149625e+00
2.514039e-02 2.146401e+00
2.517134e-02 2.143172e+00
2.520232e-02 2.139941e+00
2.523334e-02 2.136705e+00
2.526439e-02 2.133465e+00
2.529549e-02 2.130222e+00
2.532662e-02 2.126975e+00
2.535779e-02 2.123724e+00
2.538900e-02 2.120469e+00
2.542025e-02 2.117210e+00
2.545154e-02 2.113948e+00
2.548286e-02 2.110681e+00
2.551423e-02 2.107411e+00
2.554563e-02 2.104138e+00
2.557707e-02 2.100860e+00
2.560855e-02 2.097579e+00
2.564007e-02 2.094294e+00
2.567163e-02 2.091005e+00
2.570323e-02 2.087713e+00
2.573486e-02 2.084416e+00
2.576654e-02 2.081116e+00
2.579825e-02 2.077813e+00
2.583000e-02 2.074506e+00
2.586179e-02 2.071195e+00
2.589362e-02 2.067880e+00
2.592549e-02 2.064561e+00
2.595740e-02 2.061240e+00
2.598935e-02 2.057914e+00
2.602134e-02 2.054585e+00
2.605336e-02 2.051252e+00
2.608543e-02 2.047915e+00
2.611754e-02 2.044575e+00
2.614968e-02 2.041231e+00
2.618187e-02 2.037884e+00
2.621409e-02 2.034533e+00
2.624635e-02 2.031178e+00
2.627866e-02 2.027820e+00
2.631100e-02 2.024458e+00
2.634339e-02 2.021093e+00
2.637581e-02 2.017724e+00
2.640827e-02 2.014352e+00
2.644078e-02 2.010976e+00
2.647332e-02 2.007597e+00
2.650590e-02 2.004214e+00
2.653852e-02 2.000827e+00
2.657119e-02 1.997437e+00
2.660389e-02 1.994044e+00
2.663664e-02 1.990647e+00
2.666942e-02 1.987247e+00
2.670224e-02 1.983843e+00
2.673511e-02 1.980435e+00
2.676801e-02 1.977025e+00
2.680096e-02 1.973611e+00
2.683395e-02 1.970193e+00
2.686697e-02 1.966772e+00
2.690004e-02 1.963348e+00
2.693315e-02 1.959920e+00
2.696630e-02 1.956489e+00
2.699949e-02 1.953055e+00
2.703272e-02 1.949617e+00
2.706599e-02 1.946176e+00
2.709930e-02 1.942732e+00
2.713266e-02 1.939284e+00
2.716605e-02 1.935833e+00
2.719949e-02 1.932379e+00
2.723297e-02 1.928921e+00
2.726648e-02 1.925460e+00
2.730004e-02 1.921996e+00
2.733364e-02 1.918528e+00
2.736729e-02 1.915058e+00
2.740097e-02 1.911584e+00
2.743469e-02 1.908107e+00
2.746846e-02 1.904626e+00
2.750227e-02 1.901143e+00
2.753612e-02 1.897656e+00
2.757001e-02 1.894166e+00
2.760394e-02 1.890674e+00
2.763792e-02 1.887177e+00
2.767193e-02 1.883678e+00
2.770599e-02 1.880176e+00
2.774009e-02 1.876670e+00
2.777423e-02 1.873162e+00
2.780842e-02 1.869650e+00
2.784265e-02 1.866135e+00
2.787691e-02 1.862618e+00
2.791122e-02 1.859097e+00
2.794558e-02 1.855573e+00
2.797997e-02 1.852046e+00
2.801441e-02 1.848516e+00
2.804889e-02 1.844984e+00
2.808341e-02 1.841448e+00
2.811798e-02 1.837909e+00
2.815259e-02 1.834367e+00
2.818724e-02 1.830823e+00
2.822193e-02 1.827275e+00
2.825666e-02 1.823725e+00
2.829144e-02 1.820171e+00
2.832626e-02 1.816615e+00
2.836113e-02 1.813056e+00
2.839603e-02 1.809494e+00
2.843098e-02 1.805930e+00
2.846598e-02 1.802362e+00
2.850101e-02 1.798792e+00
2.853609e-02 1.795218e+00
2.857121e-02 1.791642e+00
2.860638e-02 1.788064e+00
2.864159e-02 1.784482e+00
2.867684e-02 1.780898e+00
2.871213e-02 1.777311e+00
2.874747e-02 1.773722e+00
2.878285e-02 1.770129e+00
2.881828e-02 1.766534e+00
2.885375e-02 1.762937e+00
2.888926e-02 1.759337e+00
2.892482e-02 1.755734e+00
2.896042e-02 1.752128e+00
2.899606e-02 1.748520e+00
2.903175e-02 1.744910e+00
2.906748e-02 1.741296e+00
2.910326e-02 1.737681e+00
2.913908e-02 1.734062e+00
2.917494e-02 1.730441e+00
2.921085e-02 1.726818e+00
2.924680e-02 1.723192e+00
2.928280e-02 1.719564e+00
2.931884e-02 1.715934e+00
2.935493e-02 1.712301e+00
2.939106e-02 1.708665e+00
2.942723e-02 1.705027e+00
2.946345e-02 1.701387e+00
2.949971e-02 1.697744e+00
2.953602e-02 1.694099e+00
2.957238e-02 1.690452e+00
2.960877e-02 1.686802e+00
2.964521e-02 1.683150e+00
2.968170e-02 1.679496e+00
2.971823e-02 1.675840e+00
2.975481e-02 1.672181e+00
2.979143e-02 1.668520e+00
2.982810e-02 1.664857e+00
2.986481e-02 1.661192e+00
2.990157e-02 1.657524e+00
2.993837e-02 1.653855e+00
2.997522e-02 1.650183e+00
3.001211e-02 1.646509e+00
3.004905e-02 1.642833e+00
3.008604e-02 1.639155e+00
3.012307e-02 1.635475e+00
3.016014e-02 1.631793e+00
3.019726e-02 1.628109e+00
3.023443e-02 1.624423e+00
3.027164e-02 1.620735e+00
3.030890e-02 1.617045e+00
3.034620e-02 1.613353e+00
3.038355e-02 1.609659e+00
3.042095e-02 1.605963e+00
3.045839e-02 1.602266e+00
3.049588e-02 1.598566e+00
3.053341e-02 1.594865e+00
3.057099e-02 1.591161e+00
3.060862e-02 1.587456e+00
3.064629e-02 1.583750e+00
3.068401e-02 1.580041e+00
3.072178e-02 1.576331e+00
3.075959e-02 1.572619e+00
3.079745e-02 1.568905e+00
3.083535e-02 1.565190e+00
3.087331e-02 1.561473e+00
3.091130e-02 1.557754e+00
3.094935e-02 1.554034e+00
3.098744e-02 1.550312e+00
3.102558e-02 1.546588e+00
3.106377e-02 1.542864e+00
3.110200e-02 1.539137e+00
3.114028e-02 1.535409e+00
3.117861e-02 1.531679e+00
3.121698e-02 1.527948e+00
3.125540e-02 1.524216e+00
3.129387e-02 1.520482e+00
3.133239e-02 1.516747e+00
3.137095e-02 1.513010e+00
3.140956e-02 1.509272e+00
3.144822e-02 1.505533e+00
3.148693e-02 1.501792e+00
3.152568e-02 1.498051e+00
3.156448e-02 1.494307e+00
3.160333e-02 1.490563e+00
3.164223e-02 1.486817e+00
3.168118e-02 1.483070e+00
3.172017e-02 1.479323e+00
3.175921e-02 1.475573e+00
3.179830e-02 1.471823e+00
3.183744e-02 1.468072e+00
3.187662e-02 1.464319e+00
3.191586e-02 1.460566e+00
3.195514e-02 1.456811e+00
3.199447e-02 1.453056e+00
3.203385e-02 1.449299e+00
3.207327e-02 1.445541e+00
3.211275e-02 1.441783e+00
3.215227e-02 1.438024e+00
3.219185e-02 1.434263e+00
3.223147e-02 1.430503e+00
3.227114e-02 1.426741e+00
3.231086e-02 1.422978e+00
3.235062e-02 1.419214e+00
3.239044e-02 1.415450e+00
3.243031e-02 1.411685e+00
3.247022e-02 1.407919e+00
3.251019e-02 1.404153e+00
3.255020e-02 1.400386e+00
3.259026e-02 1.396618e+00
3.263037e-02 1.392850e+00
3.267054e-02 1.389081e+00
3.271075e-02 1.385311e+00
3.275101e-02 1.381541e+00
3.279132e-02 1.377771e+00
3.283168e-02 1.374000e+00
3.287208e-02 1.370228e+00
3.291254e-02 1.366456e+00
3.295305e-02 1.362684e+00
3.299361e-02 1.358911e+00
3.303422e-02 1.355139e+00
3.307488e-02 1.351365e+00
3.311558e-02 1.347591e+00
3.315634e-02 1.343817e+00
3.319715e-02 1.340043e+00
3.323801e-02 1.336269e+00
3.327892e-02 1.332494e+00
3.331988e-02 1.328720e+00
3.336089e-02 1.324945e+00
3.340195e-02 1.321169e+00
3.344306e-02 1.317394e+00
3.348422e-02 1.313619e+00
3.352543e-02 1.309844e+00
3.356670e-02 1.306069e+00
3.360801e-02 1.302294e+00
3.364938e-02 1.298519e+00
3.369079e-02 1.294744e+00
3.373226e-02 1.290969e+00
3.377377e-02 1.287195e+00
3.381534e-02 1.283420e+00
3.385696e-02 1.279646e+00
3.389863e-02 1.275871e+00
3.394036e-02 1.272098e+00
3.398213e-02 1.268324e+00
3.402395e-02 1.264551e+00
3.406583e-02 1.260778e+00
3.410776e-02 1.257005e+00
3.414974e-02 1.253233e+00
3.419177e-02 1.249462e+00
3.423385e-02 1.245690e+00
3.427599e-02 1.241920e+00
3.431817e-02 1.238149e+00
3.436041e-02 1.234380e+00
3.440270e-02 1.230611e+00
3.444505e-02 1.226842e+00
3.448744e-02 1.223074e+00
3.452989e-02 1.219307e+00
3.457239e-02 1.215541e+00
3.461494e-02 1.211775e+00
3.465754e-02 1.208010e+00
3.470020e-02 1.204246e+00
3.474291e-02 1.200483e+00
3.478567e-02 1.196720e+00
3.482848e-02 1.192959e+00
3.487135e-02 1.189198e+00
3.491427e-02 1.185438e+00
3.495724e-02 1.181679e+00
3.500027e-02 1.177922e+00
3.504334e-02 1.174165e+00
3.508647e-02 1.170410e+00
3.512966e-02 1.166655e+00
3.517290e-02 1.162902e+00
3.521619e-02 1.159150e+00
3.525953e-02 1.155399e+00
3.530293e-02 1.151649e+00
3.534638e-02 1.147900e+00
3.538988e-02 1.144153e+00
3.543344e-02 1.140407e+00
3.547705e-02 1.136663e+00
3.552072e-02 1.132920e+00
3.556444e-02 1.129178e+00
3.560821e-02 1.125438e+00
3.565203e-02 1.121699e+00
3.569591e-02 1.117962e+00
3.573985e-02 1.114226e+00
3.578384e-02 1.110492e+00
3.582788e-02 1.106760e+00
3.587198e-02 1.103029e+00
3.591613e-02 1.099300e+00
3.596033e-02 1.095572e+00
3.600459e-02 1.091847e+00
3.604891e-02 1.088123e+00
3.609328e-02 1.084401e+00
3.613770e-02 1.080681e+00
3.618218e-02 1.076963e+00
3.622671e-02 1.073246e+00
3.627130e-02 1.069532e+00
3.631594e-02 1.065820e+00
3.636064e-02 1.062109e+00
3.640539e-02 1.058401e+00
3.645020e-02 1.054695e+00
3.649506e-02 1.050991e+00
3.653998e-02 1.047289e+00
3.658495e-02 1.043589e+00
3.662998e-02 1.039892e+00
3.667506e-02 1.036197e+00
3.672020e-02 1.032504e+00
3.676540e-02 1.028814e+00
3.681065e-02 1.025125e+00
3.685595e-02 1.021440e+00
3.690132e-02 1.017756e+00
3.694673e-02 1.014076e+00
3.699221e-02 1.010397e+00
3.703774e-02 1.006721e+00
3.708332e-02 1.003048e+00
3.712897e-02 9.993777e-01
3.717466e-02 9.957097e-01
3.722042e-02 9.920446e-01
3.726623e-02 9.883823e-01
3.731210e-02 9.847227e-01
3.735802e-02 9.810658e-01
3.740400e-02 9.774114e-01
3.745004e-02 9.737606e-01
3.749613e-02 9.701123e-01
3.754228e-02 9.664668e-01
3.758849e-02 9.628246e-01
3.763475e-02 9.591853e-01
3.768107e-02 9.555490e-01
3.772745e-02 9.519157e-01
3.777388e-02 9.482859e-01
3.782037e-02 9.446589e-01
3.786692e-02 9.410351e-01
3.791353e-02 9.374146e-01
3.796019e-02 9.337974e-01
3.800691e-02 9.301838e-01
3.805369e-02 9.265733e-01
3.810053e-02 9.229661e-01
3.814742e-02 9.193623e-01
3.819437e-02 9.157623e-01
3.824138e-02 9.121654e-01
3.828845e-02 9.085723e-01
3.833558e-02 9.049826e-01
3.838276e-02 9.013965e-01
3.843000e-02 8.978141e-01
3.847730e-02 8.942354e-01
3.852466e-02 8.906605e-01
3.857207e-02 8.870893e-01
3.861955e-02 8.835219e-01
3.866708e-02 8.799585e-01
3.871467e-02 8.763986e-01
3.876232e-02 8.728430e-01
3.881003e-02 8.692911e-01
3.885780e-02 8.657433e-01
3.890562e-02 8.621992e-01
3.895351e-02 8.586594e-01
3.900145e-02 8.551241e-01
3.904945e-02 8.515924e-01
3.909752e-02 8.480650e-01
3.914564e-02 8.445420e-01
3.919382e-02 8.410231e-01
3.924206e-02 8.375086e-01
3.929036e-02 8.339985e-01
3.933871e-02 8.304924e-01
3.938713e-02 8.269910e-01
3.943561e-02 8.234940e-01
3.948415e-02 8.200015e-01
3.953274e-02 8.165135e-01
3.958140e-02 8.130301e-01
3.963012e-02 8.095514e-01
3.967889e-02 8.060770e-01
3.972773e-02 8.026077e-01
3.977663e-02 7.991427e-01
3.982558e-02 7.956829e-01
3.987460e-02 7.922278e-01
3.992368e-02 7.887773e-01
3.997281e-02 7.853317e-01
4.002201e-02 7.818913e-01
4.007127e-02 7.784556e-01
4.012059e-02 7.750250e-01
4.016997e-02 7.715992e-01
4.021941e-02 7.681788e-01
4.026891e-02 7.647635e-01
4.031848e-02 7.613531e-01
4.036810e-02 7.579481e-01
4.041779e-02 7.545481e-01
4.046753e-02 7.511536e-01
4.051734e-02 7.477644e-01
4.056721e-02 7.443804e-01
4.061714e-02 7.410019e-01
4.066713e-02 7.376289e-01
4.071718e-02 7.342612e-01
4.076730e-02 7.308989e-01
4.081747e-02 7.275423e-01
4.086771e-02 7.241916e-01
4.091801e-02 7.208462e-01
4.096837e-02 7.175065e-01
4.101879e-02 7.141724e-01
4.106928e-02 7.108442e-01
4.111983e-02 7.075217e-01
4.117044e-02 7.042052e-01
4.122111e-02 7.008944e-01
4.127184e-02 6.975895e-01
4.132264e-02 6.942906e-01
4.137350e-02 6.909975e-01
4.142442e-02 6.877106e-01
4.147541e-02 6.844298e-01
4.152646e-02 6.811550e-01
4.157757e-02 6.778863e-01
4.162874e-02 6.746238e-01
4.167998e-02 6.713678e-01
4.173128e-02 6.681177e-01
4.178264e-02 6.648739e-01
4.183406e-02 6.616367e-01
4.188555e-02 6.584057e-01
4.193711e-02 6.551812e-01
4.198872e-02 6.519631e-01
4.204040e-02 6.487516e-01
4.209214e-02 6.455465e-01
4.214395e-02 6.423479e-01
4.219582e-02 6.391560e-01
4.224776e-02 6.359709e-01
4.229975e-02 6.327925e-01
4.235182e-02 6.296207e-01
4.240394e-02 6.264557e-01
4.245613e-02 6.232977e-01
4.250839e-02 6.201464e-01
4.256071e-02 6.170017e-01
4.261309e-02 6.138644e-01
4.266554e-02 6.107339e-01
4.271805e-02 6.076105e-01
4.277063e-02 6.044939e-01
4.282327e-02 6.013845e-01
4.287598e-02 5.982823e-01
4.292875e-02 5.951872e-01
4.298158e-02 5.920994e-01
4.303449e-02 5.890187e-01
4.308745e-02 5.859454e-01
4.314048e-02 5.828795e-01
4.319358e-02 5.798207e-01
4.324674e-02 5.767696e-01
4.329997e-02 5.737258e-01
4.335326e-02 5.706896e-01
4.340662e-02 5.676606e-01
4.346005e-02 5.646394e-01
4.351354e-02 5.616259e-01
4.356709e-02 5.586198e-01
4.362072e-02 5.556216e-01
4.367440e-02 5.526310e-01
4.372816e-02 5.496482e-01
4.378198e-02 5.466732e-01
4.383587e-02 5.437058e-01
4.388982e-02 5.407466e-01
4.394384e-02 5.377951e-01
4.399792e-02 5.348515e-01
4.405208e-02 5.319160e-01
4.410629e-02 5.289885e-01
4.416058e-02 5.260690e-01
4.421493e-02 5.231577e-01
4.426935e-02 5.202545e-01
4.432384e-02 5.173595e-01
4.437839e-02 5.144727e-01
4.443301e-02 5.115942e-01
4.448770e-02 5.087239e-01
4.454246e-02 5.058618e-01
4.459728e-02 5.030082e-01
4.465217e-02 5.001631e-01
4.470713e-02 4.973263e-01
4.476215e-02 4.944980e-01
4.481724e-02 4.916784e-01
4.487241e-02 4.888670e-01
4.492763e-02 4.860644e-01
4.498293e-02 4.832705e-01
4.503830e-02 4.804851e-01
4.509373e-02 4.777084e-01
4.514923e-02 4.749404e-01
4.520480e-02 4.721812e-01
4.526044e-02 4.694308e-01
4.531614e-02 4.666895e-01
4.537192e-02 4.639568e-01
4.542776e-02 4.612330e-01
4.548367e-02 4.585183e-01
4.553965e-02 4.558123e-01
4.559570e-02 4.531155e-01
4.565182e-02 4.504279e-01
4.570801e-02 4.477493e-01
4.576427e-02 4.450798e-01
4.582059e-02 4.424195e-01
4.587699e-02 4.397683e-01
4.593345e-02 4.371264e-01
4.598999e-02 4.344938e-01
4.604659e-02 4.318705e-01
4.610327e-02 4.292564e-01
4.616001e-02 4.266518e-01
4.621682e-02 4.240567e-01
4.627371e-02 4.214709e-01
4.633066e-02 4.188946e-01
4.638768e-02 4.163278e-01
4.644478e-02 4.137706e-01
4.650194e-02 4.112229e-01
4.655918e-02 4.086847e-01
4.661648e-02 4.061565e-01
4.667386e-02 4.036376e-01
4.673130e-02 4.011286e-01
4.678882e-02 3.986293e-01
4.684641e-02 3.961399e-01
4.690406e-02 3.936601e-01
4.696179e-02 3.911901e-01
4.701959e-02 3.887303e-01
4.707747e-02 3.862801e-01
4.713541e-02 3.838400e-01
4.719342e-02 3.814098e-01
4.725151e-02 3.789896e-01
4.730966e-02 3.765795e-01
4.736789e-02 3.741794e-01
4.742619e-02 3.717894e-01
4.748456e-02 3.694096e-01
4.754301e-02 3.670399e-01
4.760152e-02 3.646803e-01
4.766011e-02 3.623310e-01
4.771877e-02 3.599921e-01
4.777750e-02 3.576632e-01
4.783631e-02 3.553448e-01
4.789518e-02 3.530366e-01
4.795413e-02 3.507389e-01
4.801315e-02 3.484516e-01
4.807225e-02 3.461747e-01
4.813142e-02 3.439081e-01
4.819066e-02 3.416522e-01
4.824997e-02 3.394068e-01
4.830935e-02 3.371717e-01
4.836881e-02 3.349474e-01
4.842835e-02 3.327336e-01
4.848795e-02 3.305305e-01
4.854763e-02 3.283380e-01
4.860738e-02 3.261561e-01
4.866721e-02 3.239850e-01
4.872711e-02 3.218247e-01
4.878708e-02 3.196751e-01
4.884713e-02 3.175362e-01
4.890725e-02 3.154082e-01
4.896744e-02 3.132911e-01
4.902771e-02 3.111847e-01
4.908805e-02 3.090894e-01
4.914847e-02 3.070049e-01
4.920896e-02 3.049313e-01
4.926953e-02 3.028688e-01
4.933017e-02 3.008171e-01
4.939088e-02 2.987766e-01
4.945167e-02 2.967469e-01
4.951254e-02 2.947285e-01
4.957348e-02 2.927211e-01
4.963449e-02 2.907248e-01
4.969558e-02 2.887397e-01
4.975675e-02 2.867657e-01
4.981799e-02 2.848029e-01
4.987930e-02 2.828512e-01
4.994069e-02 2.809108e-01
5.000216e-02 2.789817e-01
5.006370e-02 2.770638e-01
5.012532e-02 2.751572e-01
5.018702e-02 2.732620e-01
5.024879e-02 2.713779e-01
5.031063e-02 2.695054e-01
5.037255e-02 2.676442e-01
5.043455e-02 2.657942e-01
5.049663e-02 2.639558e-01
5.055878e-02 2.621289e-01
5.062100e-02 2.603133e-01
5.068331e-02 2.585092e-01
5.074569e-02 2.567166e-01
5.080815e-02 2.549355e-01
5.087068e-02 2.531660e-01
5.093329e-02 2.514079e-01
5.099598e-02 2.496615e-01
5.105875e-02 2.479265e-01
5.112159e-02 2.462032e-01
5.118451e-02 2.444915e-01
5.124751e-02 2.427914e-01
5.131058e-02 2.411030e-01
5.137373e-02 2.394262e-01
5.143696e-02 2.377611e-01
5.150027e-02 2.361077e-01
5.156366e-02 2.344660e-01
5.162712e-02 2.328360e-01
5.169067e-02 2.312177e-01
5.175429e-02 2.296112e-01
5.181799e-02 2.280164e-01
5.188176e-02 2.264333e-01
5.194562e-02 2.248621e-01
5.200955e-02 2.233027e-01
5.207357e-02 2.217551e-01
5.213766e-02 2.202193e-01
5.220183e-02 2.186954e-01
5.226608e-02 2.171832e-01
5.233041e-02 2.156830e-01
5.239481e-02 2.141945e-01
5.245930e-02 2.127180e-01
5.252387e-02 2.112533e-01
5.258851e-02 2.098005e-01
5.265324e-02 2.083597e-01
5.271804e-02 2.069307e-01
5.278293e-02 2.055136e-01
5.284789e-02 2.041085e-01
5.291294e-02 2.027153e-01
5.297806e-02 2.013341e-01
5.304327e-02 1.999648e-01
5.310855e-02 1.986074e-01
5.317392e-02 1.972620e-01
5.323937e-02 1.959286e-01
5.330489e-02 1.946072e-01
5.337050e-02 1.932977e-01
5.343619e-02 1.920002e-01
5.350196e-02 1.907147e-01
5.356781e-02 1.894412e-01
5.363374e-02 1.881797e-01
5.369975e-02 1.869301e-01
5.376584e-02 1.856926e-01
5.383202e-02 1.844671e-01
5.389827e-02 1.832536e-01
5.396461e-02 1.820521e-01
5.403103e-02 1.808625e-01
5.409753e-02 1.796850e-01
5.416412e-02 1.785196e-01
5.423078e-02 1.773661e-01
5.429753e-02 1.762246e-01
5.436436e-02 1.750951e-01
5.443127e-02 1.739777e-01
5.449826e-02 1.728722e-01
5.456534e-02 1.717788e-01
5.463250e-02 1.706973e-01
5.469974e-02 1.696279e-01
5.476706e-02 1.685704e-01
5.483447e-02 1.675250e-01
5.490196e-02 1.664915e-01
5.496953e-02 1.654700e-01
5.503719e-02 1.644605e-01
5.510493e-02 1.634629e-01
5.517275e-02 1.624774e-01
5.524066e-02 1.615038e-01
5.530865e-02 1.605421e-01
5.537672e-02 1.595924e-01
5.544488e-02 1.586546e-01
5.551312e-02 1.577288e-01
5.558144e-02 1.568149e-01
5.564985e-02 1.559129e-01
5.571834e-02 1.550228e-01
5.578692e-02 1.541446e-01
5.585558e-02 1.532784e-01
5.592433e-02 1.524240e-01
5.599316e-02 1.515814e-01
5.606208e-02 1.507507e-01
5.613108e-02 1.499319e-01
5.620017e-02 1.491249e-01
5.626934e-02 1.483297e-01
5.633859e-02 1.475464e-01
5.640793e-02 1.467748e-01
5.647736e-02 1.460150e-01
5.654687e-02 1.452670e-01
5.661647e-02 1.445307e-01
5.668615e-02 1.438062e-01
5.675592e-02 1.430934e-01
5.682578e-02 1.423923e-01
5.689572e-02 1.417029e-01
5.696574e-02 1.410252e-01
5.703586e-02 1.403591e-01
5.710606e-02 1.397047e-01
5.717634e-02 1.390619e-01
5.724671e-02 1.384306e-01
5.731717e-02 1.378110e-01
5.738772e-02 1.372029e-01
5.745835e-02 1.366064e-01
5.752907e-02 1.360214e-01
5.759988e-02 1.354479e-01
5.767077e-02 1.348859e-01
5.774175e-02 1.343353e-01
5.781282e-02 1.337962e-01
5.788398e-02 1.332685e-01
5.795522e-02 1.327522e-01
5.802655e-02 1.322472e-01
5.809797e-02 1.317536e-01
5.816947e-02 1.312713e-01
5.824107e-02 1.308003e-01
5.831275e-02 1.303406e-01
5.838452e-02 1.298921e-01
5.845638e-02 1.294548e-01
5.852833e-02 1.290287e-01
5.860037e-02 1.286138e-01
5.867249e-02 1.282099e-01
5.874470e-02 1.278172e-01
5.881701e-02 1.274356e-01
5.888940e-02 1.270650e-01
5.896188e-02 1.267055e-01
5.903445e-02 1.263569e-01
5.910711e-02 1.260193e-01
5.917986e-02 1.256926e-01
5.925270e-02 1.253768e-01
5.932562e-02 1.250718e-01
5.939864e-02 1.247777e-01
5.947175e-02 1.244944e-01
5.954495e-02 1.242218e-01
5.961823e-02 1.239600e-01
5.969161e-02 1.237088e-01
5.976508e-02 1.234683e-01
5.983864e-02 1.232384e-01
5.991229e-02 1.230192e-01
5.998603e-02 1.228104e-01
6.005986e-02 1.226122e-01
6.013378e-02 1.224244e-01
6.020779e-02 1.222471e-01
6.028189e-02 1.220802e-01
6.035609e-02 1.219236e-01
6.043037e-02 1.217774e-01
6.050475e-02 1.216414e-01
6.057922e-02 1.215157e-01
6.065378e-02 1.214001e-01
6.072843e-02 1.212948e-01
6.080318e-02 1.211995e-01
6.087801e-02 1.211143e-01
6.095294e-02 1.210392e-01
6.102796e-02 1.209740e-01
6.110307e-02 1.209188e-01
6.117828e-02 1.208734e-01
6.125358e-02 1.208380e-01
6.132897e-02 1.208123e-01
6.140445e-02 1.207964e-01
6.148003e-02 1.207902e-01
6.155570e-02 1.207937e-01
6.163146e-02 1.208069e-01
6.170731e-02 1.208296e-01
6.178326e-02 1.208618e-01
6.185931e-02 1.209035e-01
6.193544e-02 1.209547e-01
6.201167e-02 1.210152e-01
6.208800e-02 1.210851e-01
6.216441e-02 1.211642e-01
6.224092e-02 1.212526e-01
6.231753e-02 1.213501e-01
6.239423e-02 1.214569e-01
6.247102e-02 1.215726e-01
6.254791e-02 1.216974e-01
6.262490e-02 1.218312e-01
6.270198e-02 1.219739e-01
6.277915e-02 1.221255e-01
6.285642e-02 1.222858e-01
6.293378e-02 1.224550e-01
6.301124e-02 1.226328e-01
6.308879e-02 1.228193e-01
6.316644e-02 1.230144e-01
6.324419e-02 1.232180e-01
6.332203e-02 1.234301e-01
6.339996e-02 1.236506e-01
6.347800e-02 1.238795e-01
6.355612e-02 1.241166e-01
6.363435e-02 1.243621e-01
6.371267e-02 1.246157e-01
6.379109e-02 1.248774e-01
6.386960e-02 1.251472e-01
6.394821e-02 1.254250e-01
6.402692e-02 1.257108e-01
6.410572e-02 1.260044e-01
6.418462e-02 1.263059e-01
6.426362e-02 1.266151e-01
6.434271e-02 1.269321e-01
6.442191e-02 1.272566e-01
6.450120e-02 1.275887e-01
6.458059e-02 1.279284e-01
6.466007e-02 1.282755e-01
6.473965e-02 1.286300e-01
6.481933e-02 1.289918e-01
6.489911e-02 1.293608e-01
6.497899e-02 1.297370e-01
6.505897e-02 1.301204e-01
6.513904e-02 1.305107e-01
6.521921e-02 1.309081e-01
6.529949e-02 1.313124e-01
6.537986e-02 1.317236e-01
6.546032e-02 1.321415e-01
6.554089e-02 1.325662e-01
6.562156e-02 1.329975e-01
6.570233e-02 1.334353e-01
6.578319e-02 1.338797e-01
6.586416e-02 1.343305e-01
6.594522e-02 1.347877e-01
6.602639e-02 1.352511e-01
6.610765e-02 1.357208e-01
6.618902e-02 1.361967e-01
6.627048e-02 1.366786e-01
6.635205e-02 1.371666e-01
6.643371e-02 1.376604e-01
6.651548e-02 1.381602e-01
6.659735e-02 1.386658e-01
6.667931e-02 1.391770e-01
6.676138e-02 1.396939e-01
6.684355e-02 1.402164e-01
6.692582e-02 1.407444e-01
6.700819e-02 1.412778e-01
6.709067e-02 1.418165e-01
6.717324e-02 1.423605e-01
6.725592e-02 1.429098e-01
6.733870e-02 1.434641e-01
6.742158e-02 1.440235e-01
6.750456e-02 1.445878e-01
6.758764e-02 1.451571e-01
6.767083e-02 1.457311e-01
6.775412e-02 1.463099e-01
6.783751e-02 1.468934e-01
6.792100e-02 1.474814e-01
6.800460e-02 1.480739e-01
6.808830e-02 1.486709e-01
6.817210e-02 1.492722e-01
6.825601e-02 1.498778e-01
6.834002e-02 1.504876e-01
6.842413e-02 1.511015e-01
6.850835e-02 1.517194e-01
6.859267e-02 1.523413e-01
6.867709e-02 1.529670e-01
6.876162e-02 1.535965e-01
6.884625e-02 1.542298e-01
6.893098e-02 1.548666e-01
6.901582e-02 1.555071e-01
6.910077e-02 1.561509e-01
6.918582e-02 1.567982e-01
6.927097e-02 1.574488e-01
6.935623e-02 1.581026e-01
6.944159e-02 1.587595e-01
6.952706e-02 1.594195e-01
6.961263e-02 1.600825e-01
6.969831e-02 1.607484e-01
6.978410e-02 1.614171e-01
6.986999e-02 1.620885e-01
6.995598e-02 1.627625e-01
7.004208e-02 1.634391e-01
7.012829e-02 1.641183e-01
7.021460e-02 1.647997e-01
7.030102e-02 1.654836e-01
7.038755e-02 1.661696e-01
7.047418e-02 1.668577e-01
7.056092e-02 1.675480e-01
7.064777e-02 1.682403e-01
7.073472e-02 1.689344e-01
7.082178e-02 1.696303e-01
7.090895e-02 1.703280e-01
7.099622e-02 1.710272e-01
7.108360e-02 1.717281e-01
7.117109e-02 1.724305e-01
7.125869e-02 1.731342e-01
7.134639e-02 1.738392e-01
7.143421e-02 1.745455e-01
7.152213e-02 1.752528e-01
7.161015e-02 1.759612e-01
7.169829e-02 1.766706e-01
7.178654e-02 1.773809e-01
7.187489e-02 1.780920e-01
7.196336e-02 1.788038e-01
7.205193e-02 1.795162e-01
7.214061e-02 1.802292e-01
7.222940e-02 1.809426e-01
7.231830e-02 1.816563e-01
7.240731e-02 1.823704e-01
7.249643e-02 1.830847e-01
7.258565e-02 1.837991e-01
7.267499e-02 1.845134e-01
7.276444e-02 1.852278e-01
7.285400e-02 1.859421e-01
7.294367e-02 1.866561e-01
7.303344e-02 1.873698e-01
7.312333e-02 1.880831e-01
7.321333e-02 1.887959e-01
7.330344e-02 1.895083e-01
7.339366e-02 1.902199e-01
7.348400e-02 1.909308e-01
7.357444e-02 1.916409e-01
7.366500e-02 1.923501e-01
7.375566e-02 1.930583e-01
7.384644e-02 1.937655e-01
7.393733e-02 1.944716e-01
7.402833e-02 1.951764e-01
7.411945e-02 1.958799e-01
7.421067e-02 1.965820e-01
7.430201e-02 1.972826e-01
7.439346e-02 1.979817e-01
7.448502e-02 1.986791e-01
7.457670e-02 1.993748e-01
7.466849e-02 2.000687e-01
7.476039e-02 2.007607e-01
7.485240e-02 2.014508e-01
7.494453e-02 2.021388e-01
7.503677e-02 2.028246e-01
7.512913e-02 2.035083e-01
7.522159e-02 2.041896e-01
7.531418e-02 2.048686e-01
7.540687e-02 2.055451e-01
7.549968e-02 2.062191e-01
7.559261e-02 2.068905e-01
7.568565e-02 2.075592e-01
7.577880e-02 2.082251e-01
7.587207e-02 2.088882e-01
7.596545e-02 2.095482e-01
7.605895e-02 2.102054e-01
7.615256e-02 2.108594e-01
7.624629e-02 2.115103e-01
7.634013e-02 2.121579e-01
7.643409e-02 2.128022e-01
7.652817e-02 2.134432e-01
7.662236e-02 2.140806e-01
7.671666e-02 2.147145e-01
7.681109e-02 2.153448e-01
7.690562e-02 2.159714e-01
7.700028e-02 2.165942e-01
7.709505e-02 2.172132e-01
7.718994e-02 2.178282e-01
7.728494e-02 2.184393e-01
7.738007e-02 2.190462e-01
7.747530e-02 2.196490e-01
7.757066e-02 2.202477e-01
7.766613e-02 2.208420e-01
7.776172e-02 2.214320e-01
7.785743e-02 2.220176e-01
7.795326e-02 2.225986e-01
7.804920e-02 2.231752e-01
7.814527e-02 2.237470e-01
7.824145e-02 2.243142e-01
7.833775e-02 2.248766e-01
7.843416e-02 2.254341e-01
7.853070e-02 2.259867e-01
7.862735e-02 2.265344e-01
7.872413e-02 2.270770e-01
7.882102e-02 2.276145e-01
7.891803e-02 2.281469e-01
7.901517e-02 2.286739e-01
7.911242e-02 2.291957e-01
7.920979e-02 2.297122e-01
7.930728e-02 2.302231e-01
7.940489e-02 2.307287e-01
7.950262e-02 2.312286e-01
7.960047e-02 2.317230e-01
7.969844e-02 2.322116e-01
7.979654e-02 2.326945e-01
7.989475e-02 2.331716e-01
7.999308e-02 2.336429e-01
8.009154e-02 2.341082e-01
8.019011e-02 2.345676e-01
8.028881e-02 2.350209e-01
8.038763e-02 2.354682e-01
8.048657e-02 2.359093e-01
8.058563e-02 2.363442e-01
8.068482e-02 2.367729e-01
8.078412e-02 2.371953e-01
8.088355e-02 2.376113e-01
8.098310e-02 2.380209e-01
8.108278e-02 2.384240e-01
8.118257e-02 2.388206e-01
8.128249e-02 2.392107e-01
8.138253e-02 2.395941e-01
8.148270e-02 2.399709e-01
8.158299e-02 2.403409e-01
8.168340e-02 2.407043e-01
8.178394e-02 2.410608e-01
8.188459e-02 2.414105e-01
8.198538e-02 2.417532e-01
8.208628e-02 2.420891e-01
8.218732e-02 2.424179e-01
8.228847e-02 2.427398e-01
8.238975e-02 2.430545e-01
8.249116e-02 2.433622e-01
8.259269e-02 2.436627e-01
8.269434e-02 2.439559e-01
8.279612e-02 2.442420e-01
8.289802e-02 2.445209e-01
8.300006e-02 2.447924e-01
8.310221e-02 2.450566e-01
8.320449e-02 2.453134e-01
8.330690e-02 2.455628e-01
8.340943e-02 2.458048e-01
8.351209e-02 2.460392e-01
8.361488e-02 2.462662e-01
8.371779e-02 2.464857e-01
8.382083e-02 2.466975e-01
8.392400e-02 2.469018e-01
8.402729e-02 2.470985e-01
8.413071e-02 2.472875e-01
8.423426e-02 2.474688e-01
8.433793e-02 2.476424e-01
8.444174e-02 2.478083e-01
8.454567e-02 2.479664e-01
8.464972e-02 2.481168e-01
8.475391e-02 2.482593e-01
8.485823e-02 2.483941e-01
8.496267e-02 2.485209e-01
8.506724e-02 2.486400e-01
8.517194e-02 2.487511e-01
8.527677e-02 2.488544e-01
8.538173e-02 2.489497e-01
8.548681e-02 2.490372e-01
8.559203e-02 2.491166e-01
8.569738e-02 2.491882e-01
8.580285e-02 2.492517e-01
8.590846e-02 2.493072e-01
8.601419e-02 2.493548e-01
8.612006e-02 2.493944e-01
8.622606e-02 2.494259e-01
8.633218e-02 2.494495e-01
8.643844e-02 2.494650e-01
8.654483e-02 2.494725e-01
8.665135e-02 2.494719e-01
8.675800e-02 2.494633e-01
8.686478e-02 2.494467e-01
8.697169e-02 2.494220e-01
8.707873e-02 2.493892e-01
8.718591e-02 2.493484e-01
8.729322e-02 2.492996e-01
8.740066e-02 2.492427e-01
8.750823e-02 2.491778e-01
8.761593e-02 2.491049e-01
8.772377e-02 2.490239e-01
8.783174e-02 2.489349e-01
8.793984e-02 2.488379e-01
8.804808e-02 2.487328e-01
8.815645e-02 2.486198e-01
8.826495e-02 2.484987e-01
8.837359e-02 2.483697e-01
8.848236e-02 2.482328e-01
8.859126e-02 2.480878e-01
8.870030e-02 2.479349e-01
8.880947e-02 2.477741e-01
8.891878e-02 2.476054e-01
8.902822e-02 2.474288e-01
8.913779e-02 2.472443e-01
8.924750e-02 2.470520e-01
8.935735e-02 2.468519e-01
8.946733e-02 2.466439e-01
8.957744e-02 2.464281e-01
8.968769e-02 2.462046e-01
8.979808e-02 2.459733e-01
8.990860e-02 2.457343e-01
9.001926e-02 2.454876e-01
9.013006e-02 2.452333e-01
9.024099e-02 2.449713e-01
9.035206e-02 2.447017e-01
9.046326e-02 2.444245e-01
9.057460e-02 2.441398e-01
9.068608e-02 2.438476e-01
9.079770e-02 2.435479e-01
9.090945e-02 2.432408e-01
9.102134e-02 2.429262e-01
9.113337e-02 2.426043e-01
9.124554e-02 2.422750e-01
9.135784e-02 2.419385e-01
9.147028e-02 2.415947e-01
9.158287e-02 2.412437e-01
9.169558e-02 2.408855e-01
9.180844e-02 2.405202e-01
9.192144e-02 2.401478e-01
9.203458e-02 2.397684e-01
9.214785e-02 2.393819e-01
9.226127e-02 2.389885e-01
9.237482e-02 2.385882e-01
9.248852e-02 2.381811e-01
9.260235e-02 2.377671e-01
9.271632e-02 2.373464e-01
9.283044e-02 2.369189e-01
9.294469e-02 2.364848e-01
9.305909e-02 2.360442e-01
9.317363e-02 2.355970e-01
9.328830e-02 2.351432e-01
9.340312e-02 2.346831e-01
9.351808e-02 2.342165e-01
9.363318e-02 2.337437e-01
9.374843e-02 2.332645e-01
9.386381e-02 2.327792e-01
9.397934e-02 2.322878e-01
9.409501e-02 2.317902e-01
9.421082e-02 2.312867e-01
9.432677e-02 2.307771e-01
9.444287e-02 2.302617e-01
9.455911e-02 2.297404e-01
9.467549e-02 2.292134e-01
9.479202e-02 2.286807e-01
9.490869e-02 2.281424e-01
9.502550e-02 2.275985e-01
9.514246e-02 2.270490e-01
9.525956e-02 2.264943e-01
9.537680e-02 2.259340e-01
9.549419e-02 2.253686e-01
9.561173e-02 2.247979e-01
9.572940e-02 2.242221e-01
9.584723e-02 2.236412e-01
9.596520e-02 2.230553e-01
9.608331e-02 2.224645e-01
9.620157e-02 2.218689e-01
9.631997e-02 2.212685e-01
9.643852e-02 2.206634e-01
9.655722e-02 2.200537e-01
9.667606e-02 2.194394e-01
9.679505e-02 2.188208e-01
9.691418e-02 2.181977e-01
9.703346e-02 2.175703e-01
9.715289e-02 2.169388e-01
9.727247e-02 2.163031e-01
9.739219e-02 2.156633e-01
9.751206e-02 2.150196e-01
9.763208e-02 2.143721e-01
9.775224e-02 2.137206e-01
9.787255e-02 2.130656e-01
9.799301e-02 2.124068e-01
9.811362e-02 2.117445e-01
9.823438e-02 2.110789e-01
9.835529e-02 2.104098e-01
9.847634e-02 2.097374e-01
9.859755e-02 2.090618e-01
9.871890e-02 2.083831e-01
9.884040e-02 2.077014e-01
9.896205e-02 2.070168e-01
9.908386e-02 2.063294e-01
9.920581e-02 2.056392e-01
9.932791e-02 2.049464e-01
9.945016e-02 2.042509e-01
9.957256e-02 2.035530e-01
9.969512e-02 2.028528e-01
9.981782e-02 2.021502e-01
9.994068e-02 2.014454e-01
1.000637e-01 2.007386e-01
1.001868e-01 2.000297e-01
1.003102e-01 1.993189e-01
1.004336e-01 1.986063e-01
1.005572e-01 1.978920e-01
1.006810e-01 1.971760e-01
1.008049e-01 1.964585e-01
1.009290e-01 1.957395e-01
1.010532e-01 1.950192e-01
1.011776e-01 1.942977e-01
1.013021e-01 1.935750e-01
1.014268e-01 1.928512e-01
1.015516e-01 1.921265e-01
1.016766e-01 1.914008e-01
1.018018e-01 1.906745e-01
1.019271e-01 1.899474e-01
1.020525e-01 1.892198e-01
1.021781e-01 1.884916e-01
1.023039e-01 1.877631e-01
1.024298e-01 1.870343e-01
1.025559e-01 1.863053e-01
1.026821e-01 1.855762e-01
1.028085e-01 1.848471e-01
1.029350e-01 1.841181e-01
1.030617e-01 1.833893e-01
1.031885e-01 1.826608e-01
1.033155e-01 1.819326e-01
1.034427e-01 1.812050e-01
1.035700e-01 1.804779e-01
1.036975e-01 1.797515e-01
1.038251e-01 1.790259e-01
1.039529e-01 1.783011e-01
1.040808e-01 1.775774e-01
1.042090e-01 1.768546e-01
1.043372e-01 1.761331e-01
1.044656e-01 1.754127e-01
1.045942e-01 1.746937e-01
1.047229e-01 1.739762e-01
1.048518e-01 1.732602e-01
1.049809e-01 1.725458e-01
1.051101e-01 1.718332e-01
1.052395e-01 1.711223e-01
1.053690e-01 1.704134e-01
1.054987e-01 1.697064e-01
1.056285e-01 1.690016e-01
1.057585e-01 1.682990e-01
1.058887e-01 1.675986e-01
1.060190e-01 1.669006e-01
1.061495e-01 1.662050e-01
1.062802e-01 1.655121e-01
1.064110e-01 1.648217e-01
1.065419e-01 1.641341e-01
1.066731e-01 1.634493e-01
1.068044e-01 1.627674e-01
1.069358e-01 1.620885e-01
1.070674e-01 1.614128e-01
1.071992e-01 1.607401e-01
1.073311e-01 1.600708e-01
1.074633e-01 1.594048e-01
1.075955e-01 1.587421e-01
1.077279e-01 1.580831e-01
1.078605e-01 1.574276e-01
1.079933e-01 1.567758e-01
1.081262e-01 1.561277e-01
1.082593e-01 1.554835e-01
1.083925e-01 1.548433e-01
1.085259e-01 1.542070e-01
1.086595e-01 1.535748e-01
1.087933e-01 1.529468e-01
1.089272e-01 1.523230e-01
1.090612e-01 1.517036e-01
1.091955e-01 1.510885e-01
1.093298e-01 1.504779e-01
1.094644e-01 1.498718e-01
1.095991e-01 1.492704e-01
1.097340e-01 1.486737e-01
1.098691e-01 1.480817e-01
1.100043e-01 1.474946e-01
1.101397e-01 1.469123e-01
1.102753e-01 1.463351e-01
1.104110e-01 1.457628e-01
1.105469e-01 1.451957e-01
1.106830e-01 1.446338e-01
1.108192e-01 1.440771e-01
1.109556e-01 1.435257e-01
1.110921e-01 1.429797e-01
1.112289e-01 1.424391e-01
1.113658e-01 1.419040e-01
1.115028e-01 1.413744e-01
1.116401e-01 1.408505e-01
1.117775e-01 1.403322e-01
1.119151e-01 1.398196e-01
1.120528e-01 1.393128e-01
1.121907e-01 1.388119e-01
1.123288e-01 1.383169e-01
1.124670e-01 1.378277e-01
1.126055e-01 1.373446e-01
1.127441e-01 1.368675e-01
1.128828e-01 1.363965e-01
1.130218e-01 1.359317e-01
1.131609e-01 1.354730e-01
1.133002e-01 1.350205e-01
1.134396e-01 1.345744e-01
1.135792e-01 1.341345e-01
1.137190e-01 1.337009e-01
1.138590e-01 1.332738e-01
1.139991e-01 1.328531e-01
1.141394e-01 1.324389e-01
1.142799e-01 1.320312e-01
1.144206e-01 1.316300e-01
1.145614e-01 1.312354e-01
1.147024e-01 1.308474e-01
1.148436e-01 1.304660e-01
1.149849e-01 1.300913e-01
1.151264e-01 1.297233e-01
1.152681e-01 1.293620e-01
1.154100e-01 1.290074e-01
1.155521e-01 1.286597e-01
1.156943e-01 1.283187e-01
1.158367e-01 1.279845e-01
1.159792e-01 1.276571e-01
1.161220e-01 1.273366e-01
1.162649e-01 1.270230e-01
1.164080e-01 1.267162e-01
1.165513e-01 1.264164e-01
1.166947e-01 1.261234e-01
1.168384e-01 1.258374e-01
1.169822e-01 1.255583e-01
1.171261e-01 1.252861e-01
1.172703e-01 1.250208e-01
1.174146e-01 1.247625e-01
1.175591e-01 1.245112e-01
1.177038e-01 1.242668e-01
1.178487e-01 1.240294e-01
1.179938e-01 1.237989e-01
1.181390e-01 1.235754e-01
1.182844e-01 1.233588e-01
1.184300e-01 1.231492e-01
1.185757e-01 1.229465e-01
1.187217e-01 1.227508e-01
1.188678e-01 1.225619e-01
1.190141e-01 1.223800e-01
1.191606e-01 1.222050e-01
1.193072e-01 1.220368e-01
1.194541e-01 1.218755e-01
1.196011e-01 1.217211e-01
1.197483e-01 1.215735e-01
1.198957e-01 1.214327e-01
1.200433e-01 1.212987e-01
1.201910e-01 1.211715e-01
1.203389e-01 1.210510e-01
1.204871e-01 1.209373e-01
1.206354e-01 1.208302e-01
1.207838e-01 1.207298e-01
1.209325e-01 1.206361e-01
1.210813e-01 1.205490e-01
1.212304e-01 1.204684e-01
1.213796e-01 1.203944e-01
1.215290e-01 1.203268e-01
1.216785e-01 1.202658e-01
1.218283e-01 1.202112e-01
1.219782e-01 1.201629e-01
1.221284e-01 1.201211e-01
1.222787e-01 1.200855e-01
1.224292e-01 1.200562e-01
1.225799e-01 1.200331e-01
1.227307e-01 1.200162e-01
1.228818e-01 1.200055e-01
1.230330e-01 1.200008e-01
1.231845e-01 1.200021e-01
1.233361e-01 1.200094e-01
1.234879e-01 1.200227e-01
1.236399e-01 1.200418e-01
1.237920e-01 1.200667e-01
1.239444e-01 1.200974e-01
1.240970e-01 1.201338e-01
1.242497e-01 1.201759e-01
1.244026e-01 1.202235e-01
1.245557e-01 1.202767e-01
1.247090e-01 1.203353e-01
1.248625e-01 1.203993e-01
1.250162e-01 1.204686e-01
1.251701e-01 1.205433e-01
1.253241e-01 1.206231e-01
1.254784e-01 1.207081e-01
1.256328e-01 1.207981e-01
1.257875e-01 1.208931e-01
1.259423e-01 1.209930e-01
1.260973e-01 1.210978e-01
1.262525e-01 1.212074e-01
1.264079e-01 1.213217e-01
1.265635e-01 1.214406e-01
1.267192e-01 1.215641e-01
1.268752e-01 1.216921e-01
1.270313e-01 1.218244e-01
1.271877e-01 1.219611e-01
1.273442e-01 1.221020e-01
1.275010e-01 1.222471e-01
1.276579e-01 1.223963e-01
1.278150e-01 1.225494e-01
1.279723e-01 1.227065e-01
1.281298e-01 1.228674e-01
1.282875e-01 1.230320e-01
1.284454e-01 1.232004e-01
1.286035e-01 1.233723e-01
1.287618e-01 1.235477e-01
1.289203e-01 1.237265e-01
1.290790e-01 1.239086e-01
1.292378e-01 1.240939e-01
1.293969e-01 1.242824e-01
1.295562e-01 1.244740e-01
1.297156e-01 1.246685e-01
1.298753e-01 1.248658e-01
1.300351e-01 1.250660e-01
1.301952e-01 1.252688e-01
1.303554e-01 1.254742e-01
1.305159e-01 1.256822e-01
1.306765e-01 1.258925e-01
1.308373e-01 1.261052e-01
1.309984e-01 1.263200e-01
1.311596e-01 1.265371e-01
1.313210e-01 1.267561e-01
1.314827e-01 1.269771e-01
1.316445e-01 1.272000e-01
1.318065e-01 1.274246e-01
1.319687e-01 1.276508e-01
1.321312e-01 1.278787e-01
1.322938e-01 1.281080e-01
1.324566e-01 1.283386e-01
1.326196e-01 1.285706e-01
1.327829e-01 1.288037e-01
1.329463e-01 1.290379e-01
1.331099e-01 1.292732e-01
1.332738e-01 1.295093e-01
1.334378e-01 1.297462e-01
1.336020e-01 1.299838e-01
1.337665e-01 1.302220e-01
1.339311e-01 1.304608e-01
1.340959e-01 1.306999e-01
1.342610e-01 1.309394e-01
1.344262e-01 1.311792e-01
1.345917e-01 1.314190e-01
1.347573e-01 1.316590e-01
1.349232e-01 1.318988e-01
1.350893e-01 1.321386e-01
1.352555e-01 1.323780e-01
1.354220e-01 1.326172e-01
1.355887e-01 1.328560e-01
1.357556e-01 1.330942e-01
1.359226e-01 1.333318e-01
1.360899e-01 1.335688e-01
1.362574e-01 1.338049e-01
1.364251e-01 1.340402e-01
1.365930e-01 1.342746e-01
1.367612e-01 1.345078e-01
1.369295e-01 1.347400e-01
1.370980e-01 1.349709e-01
1.372668e-01 1.352006e-01
1.374357e-01 1.354288e-01
1.376049e-01 1.356555e-01
1.377742e-01 1.358807e-01
1.379438e-01 1.361043e-01
1.381136e-01 1.363261e-01
1.382836e-01 1.365461e-01
1.384538e-01 1.367642e-01
1.386242e-01 1.369803e-01
1.387948e-01 1.371944e-01
1.389656e-01 1.374064e-01
1.391367e-01 1.376161e-01
1.393079e-01 1.378236e-01
1.394794e-01 1.380288e-01
1.396510e-01 1.382314e-01
1.398229e-01 1.384316e-01
1.399950e-01 1.386292e-01
1.401673e-01 1.388242e-01
1.403398e-01 1.390165e-01
1.405126e-01 1.392059e-01
1.406855e-01 1.393926e-01
1.408587e-01 1.395763e-01
1.410320e-01 1.397570e-01
1.412056e-01 1.399347e-01
1.413794e-01 1.401092e-01
1.415534e-01 1.402807e-01
1.417276e-01 1.404488e-01
1.419021e-01 1.406137e-01
1.420767e-01 1.407753e-01
1.422516e-01 1.409334e-01
1.424267e-01 1.410881e-01
1.426020e-01 1.412393e-01
1.427775e-01 1.413869e-01
1.429532e-01 1.415309e-01
1.431292e-01 1.416713e-01
1.433053e-01 1.418079e-01
1.434817e-01 1.419408e-01
1.436583e-01 1.420699e-01
1.438351e-01 1.421952e-01
1.440121e-01 1.423165e-01
1.441894e-01 1.424340e-01
1.443669e-01 1.425475e-01
1.445445e-01 1.426570e-01
1.447224e-01 1.427625e-01
1.449006e-01 1.428639e-01
1.450789e-01 1.429611e-01
1.452575e-01 1.430543e-01
1.454363e-01 1.431433e-01
1.456153e-01 1.432282e-01
1.457945e-01 1.433088e-01
1.459739e-01 1.433852e-01
1.461536e-01 1.434573e-01
1.463335e-01 1.435252e-01
1.465136e-01 1.435887e-01
1.466939e-01 1.436479e-01
1.468745e-01 1.437028e-01
1.470552e-01 1.437534e-01
1.472362e-01 1.437996e-01
1.474174e-01 1.438414e-01
1.475989e-01 1.438788e-01
1.477805e-01 1.439119e-01
1.479624e-01 1.439405e-01
1.481445e-01 1.439648e-01
1.483269e-01 1.439846e-01
1.485094e-01 1.440001e-01
1.486922e-01 1.440111e-01
1.488752e-01 1.440178e-01
1.490585e-01 1.440200e-01
1.492419e-01 1.440179e-01
1.494256e-01 1.440113e-01
1.496095e-01 1.440004e-01
1.497937e-01 1.439852e-01
1.499780e-01 1.439655e-01
1.501626e-01 1.439416e-01
1.503474e-01 1.439133e-01
1.505325e-01 1.438807e-01
1.507178e-01 1.438438e-01
1.509033e-01 1.438026e-01
1.510890e-01 1.437572e-01
1.512750e-01 1.437075e-01
1.514611e-01 1.436537e-01
1.516476e-01 1.435957e-01
1.518342e-01 1.435335e-01
1.520211e-01 1.434672e-01
1.522082e-01 1.433969e-01
1.523955e-01 1.433224e-01
1.525831e-01 1.432440e-01
1.527709e-01 1.431616e-01
1.529589e-01 1.430752e-01
1.531472e-01 1.429849e-01
1.533357e-01 1.428907e-01
1.535244e-01 1.427927e-01
1.537134e-01 1.426909e-01
1.539025e-01 1.425854e-01
1.540920e-01 1.424762e-01
1.542816e-01 1.423633e-01
1.544715e-01 1.422468e-01
1.546616e-01 1.421267e-01
1.548520e-01 1.420032e-01
1.550426e-01 1.418761e-01
1.552334e-01 1.417457e-01
1.554245e-01 1.416119e-01
1.556158e-01 1.414749e-01
1.558073e-01 1.413346e-01
1.559991e-01 1.411911e-01
1.561911e-01 1.410445e-01
1.563833e-01 1.408948e-01
1.565758e-01 1.407422e-01
1.567685e-01 1.405865e-01
1.569614e-01 1.404280e-01
1.571546e-01 1.402667e-01
1.573481e-01 1.401027e-01
1.575417e-01 1.399359e-01
1.577356e-01 1.397665e-01
1.579298e-01 1.395946e-01
1.581241e-01 1.394202e-01
1.583188e-01 1.392434e-01
1.585136e-01 1.390642e-01
1.587087e-01 1.388828e-01
1.589040e-01 1.386991e-01
1.590996e-01 1.385133e-01
1.592954e-01 1.383255e-01
1.594915e-01 1.381356e-01
1.596878e-01 1.379439e-01
1.598843e-01 1.377503e-01
1.600811e-01 1.375549e-01
1.602782e-01 1.373578e-01
1.604754e-01 1.371591e-01
1.606729e-01 1.369589e-01
1.608707e-01 1.367572e-01
1.610687e-01 1.365541e-01
1.612669e-01 1.363497e-01
1.614654e-01 1.361441e-01
1.616642e-01 1.359373e-01
1.618631e-01 1.357294e-01
1.620623e-01 1.355205e-01
1.622618e-01 1.353107e-01
1.624615e-01 1.351000e-01
1.626615e-01 1.348886e-01
1.628617e-01 1.346765e-01
1.630621e-01 1.344637e-01
1.632628e-01 1.342504e-01
1.634638e-01 1.340367e-01
1.636650e-01 1.338226e-01
1.638664e-01 1.336081e-01
1.640681e-01 1.333935e-01
1.642700e-01 1.331787e-01
1.644722e-01 1.329638e-01
1.646746e-01 1.327489e-01
1.648773e-01 1.325341e-01
1.650802e-01 1.323195e-01
1.652834e-01 1.321051e-01
1.654869e-01 1.318910e-01
1.656905e-01 1.316773e-01
1.658945e-01 1.314640e-01
1.660986e-01 1.312513e-01
1.663031e-01 1.310391e-01
1.665078e-01 1.308277e-01
1.667127e-01 1.306170e-01
1.669179e-01 1.304071e-01
1.671233e-01 1.301981e-01
1.673290e-01 1.299900e-01
1.675350e-01 1.297830e-01
1.677412e-01 1.295771e-01
1.679476e-01 1.293723e-01
1.681543e-01 1.291688e-01
1.683613e-01 1.289666e-01
1.685685e-01 1.287657e-01
1.687760e-01 1.285663e-01
1.689837e-01 1.283684e-01
1.691917e-01 1.281720e-01
1.693999e-01 1.279772e-01
1.696084e-01 1.277841e-01
1.698172e-01 1.275927e-01
1.700262e-01 1.274032e-01
1.702355e-01 1.272154e-01
1.704450e-01 1.270296e-01
1.706548e-01 1.268457e-01
1.708648e-01 1.266639e-01
1.710751e-01 1.264841e-01
1.712857e-01 1.263064e-01
1.714965e-01 1.261309e-01
1.717076e-01 1.259576e-01
1.719189e-01 1.257866e-01
1.721305e-01 1.256179e-01
1.723424e-01 1.254515e-01
1.725545e-01 1.252875e-01
1.727669e-01 1.251260e-01
1.729795e-01 1.249670e-01
1.731924e-01 1.248104e-01
1.734056e-01 1.246565e-01
1.736190e-01 1.245051e-01
1.738327e-01 1.243563e-01
1.740466e-01 1.242102e-01
1.742608e-01 1.240668e-01
1.744753e-01 1.239261e-01
1.746901e-01 1.237882e-01
1.749051e-01 1.236530e-01
1.751203e-01 1.235207e-01
1.753359e-01 1.233912e-01
1.755517e-01 1.232645e-01
1.757678e-01 1.231407e-01
1.759841e-01 1.230198e-01
1.762007e-01 1.229019e-01
1.764176e-01 1.227868e-01
1.766347e-01 1.226747e-01
1.768521e-01 1.225656e-01
1.770698e-01 1.224594e-01
1.772877e-01 1.223562e-01
1.775059e-01 1.222560e-01
1.777244e-01 1.221588e-01
1.779431e-01 1.220646e-01
1.781621e-01 1.219734e-01
1.783814e-01 1.218853e-01
1.786010e-01 1.218001e-01
1.788208e-01 1.217179e-01
1.790409e-01 1.216388e-01
1.792612e-01 1.215627e-01
1.794819e-01 1.214896e-01
1.797028e-01 1.214194e-01
1.799239e-01 1.213523e-01
1.801454e-01 1.212881e-01
1.803671e-01 1.212269e-01
1.805891e-01 1.211687e-01
1.808114e-01 1.211134e-01
1.810339e-01 1.210610e-01
1.812567e-01 1.210116e-01
1.814798e-01 1.209650e-01
1.817032e-01 1.209213e-01
1.819268e-01 1.208805e-01
1.821507e-01 1.208425e-01
1.823749e-01 1.208073e-01
1.825994e-01 1.207748e-01
1.828241e-01 1.207452e-01
1.830492e-01 1.207182e-01
1.832745e-01 1.206940e-01
1.835000e-01 1.206724e-01
1.837259e-01 1.206535e-01
1.839520e-01 1.206372e-01
1.841784e-01 1.206234e-01
1.844051e-01 1.206122e-01
1.846321e-01 1.206035e-01
1.848593e-01 1.205972e-01
1.850868e-01 1.205934e-01
1.853146e-01 1.205919e-01
1.855427e-01 1.205928e-01
1.857711e-01 1.205960e-01
1.859997e-01 1.206015e-01
1.862287e-01 1.206092e-01
1.864579e-01 1.206191e-01
1.866874e-01 1.206311e-01
1.869171e-01 1.206451e-01
1.871472e-01 1.206612e-01
1.873775e-01 1.206793e-01
1.876081e-01 1.206994e-01
1.878391e-01 1.207213e-01
1.880702e-01 1.207451e-01
1.883017e-01 1.207707e-01
1.885335e-01 1.207980e-01
1.887655e-01 1.208270e-01
1.889979e-01 1.208576e-01
1.892305e-01 1.208899e-01
1.894634e-01 1.209236e-01
1.896966e-01 1.209589e-01
1.899300e-01 1.209956e-01
1.901638e-01 1.210336e-01
1.903979e-01 1.210729e-01
1.906322e-01 1.211136e-01
1.908668e-01 1.211554e-01
1.911018e-01 1.211984e-01
1.913370e-01 1.212424e-01
1.915725e-01 1.212875e-01
1.918082e-01 1.213336e-01
1.920443e-01 1.213806e-01
1.922807e-01 1.214285e-01
1.925173e-01 1.214772e-01
1.927543e-01 1.215267e-01
1.929915e-01 1.215769e-01
1.932291e-01 1.216277e-01
1.934669e-01 1.216791e-01
1.937050e-01 1.217310e-01
1.939434e-01 1.217834e-01
1.941821e-01 1.218363e-01
1.944211e-01 1.218895e-01
1.946604e-01 1.219430e-01
1.949000e-01 1.219968e-01
1.951399e-01 1.220508e-01
1.953801e-01 1.221049e-01
1.956205e-01 1.221591e-01
1.958613e-01 1.222134e-01
1.961024e-01 1.222677e-01
1.963437e-01 1.223219e-01
1.965854e-01 1.223760e-01
1.968273e-01 1.224299e-01
1.970696e-01 1.224837e-01
1.973121e-01 1.225371e-01
1.975550e-01 1.225903e-01
1.977981e-01 1.226431e-01
1.980416e-01 1.226955e-01
1.982853e-01 1.227474e-01
1.985294e-01 1.227989e-01
1.987737e-01 1.228498e-01
1.990184e-01 1.229001e-01
1.992633e-01 1.229498e-01
1.995086e-01 1.229988e-01
1.997541e-01 1.230471e-01
2.000000e-01 1.230947e-01
