q  I(q)
5.000000e-03 3.779393e+00
5.007988e-03 3.779118e+00
5.015989e-03 3.778841e+00
5.024003e-03 3.778563e+00
5.032029e-03 3.778285e+00
5.040069e-03 3.778006e+00
5.048121e-03 3.777725e+00
5.056186e-03 3.777445e+00
5.064264e-03 3.777163e+00
5.072355e-03 3.776880e+00
5.080459e-03 3.776596e+00
5.088575e-03 3.776312e+00
5.096705e-03 3.776026e+00
5.104848e-03 3.775740e+00
5.113003e-03 3.775452e+00
5.121172e-03 3.775164e+00
5.129354e-03 3.774875e+00
5.137549e-03 3.774585e+00
5.145757e-03 3.774294e+00
5.153978e-03 3.774002e+00
5.162212e-03 3.773710e+00
5.170459e-03 3.773416e+00
5.178720e-03 3.773122e+00
5.186994e-03 3.772825e+00
5.195280e-03 3.772529e+00
5.203581e-03 3.772232e+00
5.211894e-03 3.771934e+00
5.220221e-03 3.771635e+00
5.228561e-03 3.771334e+00
5.236914e-03 3.771034e+00
5.245281e-03 3.770731e+00
5.253661e-03 3.770428e+00
5.262054e-03 3.770124e+00
5.270461e-03 3.769819e+00
5.278882e-03 3.769514e+00
5.287315e-03 3.769207e+00
5.295762e-03 3.768900e+00
5.304223e-03 3.768591e+00
5.312697e-03 3.768281e+00
5.321185e-03 3.767970e+00
5.329687e-03 3.767659e+00
5.338201e-03 3.767346e+00
5.346730e-03 3.767033e+00
5.355272e-03 3.766718e+00
5.363828e-03 3.766403e+00
5.372397e-03 3.766086e+00
5.380980e-03 3.765769e+00
5.389577e-03 3.765450e+00
5.398188e-03 3.765131e+00
5.406812e-03 3.764810e+00
5.415450e-03 3.764489e+00
5.424102e-03 3.764166e+00
5.432768e-03 3.763842e+00
5.441448e-03 3.763518e+00
5.450141e-03 3.763193e+00
5.458848e-03 3.762866e+00
5.467570e-03 3.762538e+00
5.476305e-03 3.762210e+00
5.485054e-03 3.761880e+00
5.493817e-03 3.761549e+00
5.502594e-03 3.761218e+00
5.511385e-03 3.760885e+00
5.520191e-03 3.760551e+00
5.529010e-03 3.760217e+00
5.537843e-03 3.759881e+00
5.546691e-03 3.759544e+00
5.555552e-03 3.759206e+00
5.564428e-03 3.758867e+00
5.573318e-03 3.758527e+00
5.582222e-03 3.758186e+00
5.591141e-03 3.757844e+00
5.600073e-03 3.757501e+00
5.609020e-03 3.757156e+00
5.617981e-03 3.756811e+00
5.626957e-03 3.756464e+00
5.635947e-03 3.756117e+00
5.644951e-03 3.755768e+00
5.653969e-03 3.755418e+00
5.663002e-03 3.755068e+00
5.672050e-03 3.754716e+00
5.681112e-03 3.754363e+00
5.690188e-03 3.754009e+00
5.699279e-03 3.753654e+00
5.708384e-03 3.753298e+00
5.717504e-03 3.752939e+00
5.726639e-03 3.752581e+00
5.735788e-03 3.752222e+00
5.744951e-03 3.751861e+00
5.754130e-03 3.751499e+00
5.763323e-03 3.751136e+00
5.772531e-03 3.750772e+00
5.781753e-03 3.750407e+00
5.790990e-03 3.750040e+00
5.800242e-03 3.749672e+00
5.809509e-03 3.749304e+00
5.818790e-03 3.748934e+00
5.828087e-03 3.748563e+00
5.837398e-03 3.748191e+00
5.846724e-03 3.747818e+00
5.856065e-03 3.747443e+00
5.865421e-03 3.747068e+00
5.874791e-03 3.746690e+00
5.884177e-03 3.746313e+00
5.893578e-03 3.745933e+00
5.902994e-03 3.745553e+00
5.912425e-03 3.745171e+00
5.921870e-03 3.744789e+00
5.931331e-03 3.744405e+00
5.940808e-03 3.744020e+00
5.950299e-03 3.743633e+00
5.959805e-03 3.743246e+00
5.969327e-03 3.742857e+00
5.978864e-03 3.742467e+00
5.988416e-03 3.742076e+00
5.997983e-03 3.741684e+00
6.007566e-03 3.741290e+00
6.017164e-03 3.740895e+00
6.026777e-03 3.740499e+00
6.036405e-03 3.740102e+00
6.046049e-03 3.739703e+00
6.055709e-03 3.739304e+00
6.065384e-03 3.738903e+00
6.075074e-03 3.738500e+00
6.084780e-03 3.738097e+00
6.094501e-03 3.737692e+00
6.104238e-03 3.737287e+00
6.113990e-03 3.736879e+00
6.123758e-03 3.736471e+00
6.133542e-03 3.736061e+00
6.143341e-03 3.735650e+00
6.153156e-03 3.735238e+00
6.162986e-03 3.734824e+00
6.172832e-03 3.734409e+00
6.182694e-03 3.733993e+00
6.192572e-03 3.733575e+00
6.202466e-03 3.733157e+00
6.212375e-03 3.732736e+00
6.222300e-03 3.732315e+00
6.232241e-03 3.731893e+00
6.242198e-03 3.731469e+00
6.252171e-03 3.731043e+00
6.262159e-03 3.730617e+00
6.272164e-03 3.730189e+00
6.282185e-03 3.729759e+00
6.292221e-03 3.729329e+00
6.302274e-03 3.728897e+00
6.312343e-03 3.728464e+00
6.322427e-03 3.728029e+00
6.332528e-03 3.727593e+00
6.342646e-03 3.727156e+00
6.352779e-03 3.726717e+00
6.362928e-03 3.726277e+00
6.373094e-03 3.725836e+00
6.383276e-03 3.725393e+00
6.393474e-03 3.724949e+00
6.403688e-03 3.724504e+00
6.413919e-03 3.724056e+00
6.424166e-03 3.723608e+00
6.434430e-03 3.723158e+00
6.444710e-03 3.722708e+00
6.455006e-03 3.722255e+00
6.465319e-03 3.721802e+00
6.475648e-03 3.721346e+00
6.485994e-03 3.720889e+00
6.496356e-03 3.720431e+00
6.506735e-03 3.719972e+00
6.517130e-03 3.719511e+00
6.527542e-03 3.719049e+00
6.537971e-03 3.718585e+00
6.548416e-03 3.718120e+00
6.558878e-03 3.717653e+00
6.569357e-03 3.717185e+00
6.579852e-03 3.716715e+00
6.590365e-03 3.716245e+00
6.600894e-03 3.715772e+00
6.611439e-03 3.715298e+00
6.622002e-03 3.714823e+00
6.632582e-03 3.714346e+00
6.643178e-03 3.713867e+00
6.653791e-03 3.713388e+00
6.664422e-03 3.712907e+00
6.675069e-03 3.712424e+00
6.685733e-03 3.711940e+00
6.696415e-03 3.711454e+00
6.707113e-03 3.710967e+00
6.717829e-03 3.710478e+00
6.728561e-03 3.709988e+00
6.739311e-03 3.709496e+00
6.750078e-03 3.709003e+00
6.760862e-03 3.708508e+00
6.771664e-03 3.708011e+00
6.782483e-03 3.707514e+00
6.793318e-03 3.707015e+00
6.804172e-03 3.706513e+00
6.815042e-03 3.706011e+00
6.825930e-03 3.705507e+00
6.836836e-03 3.705002e+00
6.847758e-03 3.704495e+00
6.858699e-03 3.703986e+00
6.869656e-03 3.703476e+00
6.880632e-03 3.702964e+00
6.891624e-03 3.702451e+00
6.902635e-03 3.701935e+00
6.913663e-03 3.701419e+00
6.924708e-03 3.700901e+00
6.935771e-03 3.700381e+00
6.946852e-03 3.699859e+00
6.957951e-03 3.699337e+00
6.969067e-03 3.698812e+00
6.980201e-03 3.698286e+00
6.991353e-03 3.697758e+00
7.002523e-03 3.697229e+00
7.013710e-03 3.696697e+00
7.024915e-03 3.696165e+00
7.036139e-03 3.695630e+00
7.047380e-03 3.695094e+00
7.058639e-03 3.694557e+00
7.069916e-03 3.694018e+00
7.081211e-03 3.693476e+00
7.092525e-03 3.692934e+00
7.103856e-03 3.692390e+00
7.115205e-03 3.691844e+00
7.126573e-03 3.691296e+00
7.137958e-03 3.690747e+00
7.149362e-03 3.690196e+00
7.160784e-03 3.689643e+00
7.172225e-03 3.689089e+00
7.183683e-03 3.688533e+00
7.195160e-03 3.687975e+00
7.206655e-03 3.687415e+00
7.218169e-03 3.686854e+00
7.229701e-03 3.686291e+00
7.241252e-03 3.685727e+00
7.252820e-03 3.685160e+00
7.264408e-03 3.684592e+00
7.276014e-03 3.684022e+00
7.287638e-03 3.683451e+00
7.299281e-03 3.682877e+00
7.310943e-03 3.682302e+00
7.322623e-03 3.681726e+00
7.334322e-03 3.681147e+00
7.346039e-03 3.680566e+00
7.357776e-03 3.679984e+00
7.369531e-03 3.679400e+00
7.381305e-03 3.678814e+00
7.393097e-03 3.678227e+00
7.404909e-03 3.677637e+00
7.416739e-03 3.677046e+00
7.428588e-03 3.676453e+00
7.440457e-03 3.675858e+00
7.452344e-03 3.675262e+00
7.464250e-03 3.674663e+00
7.476175e-03 3.674063e+00
7.488119e-03 3.673461e+00
7.500083e-03 3.672857e+00
7.512065e-03 3.672251e+00
7.524067e-03 3.671643e+00
7.536087e-03 3.671034e+00
7.548127e-03 3.670422e+00
7.560186e-03 3.669809e+00
7.572265e-03 3.669194e+00
7.584363e-03 3.668577e+00
7.596480e-03 3.667958e+00
7.608616e-03 3.667337e+00
7.620772e-03 3.666714e+00
7.632947e-03 3.666090e+00
7.645142e-03 3.665464e+00
7.657356e-03 3.664835e+00
7.669590e-03 3.664205e+00
7.681843e-03 3.663573e+00
7.694116e-03 3.662938e+00
7.706408e-03 3.662302e+00
7.718720e-03 3.661664e+00
7.731052e-03 3.661025e+00
7.743403e-03 3.660382e+00
7.755774e-03 3.659739e+00
7.768165e-03 3.659092e+00
7.780576e-03 3.658445e+00
7.793007e-03 3.657795e+00
7.805457e-03 3.657143e+00
7.817927e-03 3.656489e+00
7.830418e-03 3.655834e+00
7.842928e-03 3.655176e+00
7.855458e-03 3.654516e+00
7.868008e-03 3.653854e+00
7.880578e-03 3.653190e+00
7.893169e-03 3.652524e+00
7.905779e-03 3.651857e+00
7.918410e-03 3.651187e+00
7.931060e-03 3.650515e+00
7.943731e-03 3.649841e+00
7.956422e-03 3.649165e+00
7.969134e-03 3.648487e+00
7.981866e-03 3.647807e+00
7.994618e-03 3.647125e+00
8.007390e-03 3.646440e+00
8.020183e-03 3.645754e+00
8.032997e-03 3.645066e+00
8.045830e-03 3.644375e+00
8.058685e-03 3.643682e+00
8.071560e-03 3.642988e+00
8.084455e-03 3.642291e+00
8.097371e-03 3.641592e+00
8.110308e-03 3.640891e+00
8.123265e-03 3.640188e+00
8.136243e-03 3.639482e+00
8.149242e-03 3.638775e+00
8.162261e-03 3.638065e+00
8.175302e-03 3.637353e+00
8.188363e-03 3.636640e+00
8.201445e-03 3.635924e+00
8.214548e-03 3.635205e+00
8.227672e-03 3.634485e+00
8.240817e-03 3.633762e+00
8.253982e-03 3.633037e+00
8.267169e-03 3.632310e+00
8.280377e-03 3.631581e+00
8.293606e-03 3.630850e+00
8.306856e-03 3.630116e+00
8.320128e-03 3.629380e+00
8.333420e-03 3.628642e+00
8.346734e-03 3.627902e+00
8.360069e-03 3.627159e+00
8.373426e-03 3.626414e+00
8.386803e-03 3.625667e+00
8.400202e-03 3.624918e+00
8.413623e-03 3.624167e+00
8.427065e-03 3.623413e+00
8.440528e-03 3.622657e+00
8.454013e-03 3.621898e+00
8.467519e-03 3.621138e+00
8.481047e-03 3.620374e+00
8.494597e-03 3.619609e+00
8.508168e-03 3.618842e+00
8.521761e-03 3.618072e+00
8.535376e-03 3.617300e+00
8.549013e-03 3.616525e+00
8.562671e-03 3.615748e+00
8.576351e-03 3.614969e+00
8.590053e-03 3.614187e+00
8.603776e-03 3.613403e+00
8.617522e-03 3.612617e+00
8.631290e-03 3.611828e+00
8.645080e-03 3.611037e+00
8.658891e-03 3.610244e+00
8.672725e-03 3.609448e+00
8.686581e-03 3.608650e+00
8.700459e-03 3.607849e+00
8.714359e-03 3.607046e+00
8.728281e-03 3.606240e+00
8.742226e-03 3.605433e+00
8.756193e-03 3.604623e+00
8.770182e-03 3.603810e+00
8.784194e-03 3.602994e+00
8.798228e-03 3.602177e+00
8.812284e-03 3.601356e+00
8.826363e-03 3.600534e+00
8.840464e-03 3.599709e+00
8.854588e-03 3.598881e+00
8.868735e-03 3.598051e+00
8.882904e-03 3.597219e+00
8.897095e-03 3.596384e+00
8.911310e-03 3.595546e+00
8.925547e-03 3.594707e+00
8.939806e-03 3.593864e+00
8.954089e-03 3.593019e+00
8.968394e-03 3.592171e+00
8.982723e-03 3.591321e+00
8.997074e-03 3.590468e+00
9.011448e-03 3.589613e+00
9.025845e-03 3.588755e+00
9.040265e-03 3.587895e+00
9.054708e-03 3.587032e+00
9.069174e-03 3.586166e+00
9.083663e-03 3.585299e+00
9.098176e-03 3.584428e+00
9.112711e-03 3.583554e+00
9.127270e-03 3.582678e+00
9.141852e-03 3.581800e+00
9.156458e-03 3.580919e+00
9.171086e-03 3.580034e+00
9.185738e-03 3.579148e+00
9.200414e-03 3.578259e+00
9.215113e-03 3.577367e+00
9.229835e-03 3.576473e+00
9.244581e-03 3.575576e+00
9.259351e-03 3.574676e+00
9.274144e-03 3.573774e+00
9.288960e-03 3.572869e+00
9.303801e-03 3.571961e+00
9.318665e-03 3.571050e+00
9.333553e-03 3.570137e+00
9.348464e-03 3.569221e+00
9.363400e-03 3.568302e+00
9.378359e-03 3.567380e+00
9.393342e-03 3.566456e+00
9.408350e-03 3.565530e+00
9.423381e-03 3.564600e+00
9.438436e-03 3.563668e+00
9.453515e-03 3.562732e+00
9.468618e-03 3.561794e+00
9.483746e-03 3.560853e+00
9.498897e-03 3.559910e+00
9.514073e-03 3.558963e+00
9.529273e-03 3.558013e+00
9.544497e-03 3.557061e+00
9.559746e-03 3.556106e+00
9.575019e-03 3.555149e+00
9.590317e-03 3.554188e+00
9.605638e-03 3.553225e+00
9.620985e-03 3.552258e+00
9.636356e-03 3.551289e+00
9.651751e-03 3.550317e+00
9.667171e-03 3.549342e+00
9.682616e-03 3.548364e+00
9.698085e-03 3.547384e+00
9.713579e-03 3.546400e+00
9.729098e-03 3.545413e+00
9.744641e-03 3.544424e+00
9.760210e-03 3.543431e+00
9.775803e-03 3.542436e+00
9.791421e-03 3.541438e+00
9.807064e-03 3.540437e+00
9.822732e-03 3.539433e+00
9.838426e-03 3.538426e+00
9.854144e-03 3.537415e+00
9.869887e-03 3.536402e+00
9.885656e-03 3.535386e+00
9.901449e-03 3.534367e+00
9.917268e-03 3.533345e+00
9.933113e-03 3.532319e+00
9.948982e-03 3.531292e+00
9.964877e-03 3.530261e+00
9.980797e-03 3.529226e+00
9.996743e-03 3.528189e+00
1.001271e-02 3.527148e+00
1.002871e-02 3.526105e+00
1.004473e-02 3.525058e+00
1.006078e-02 3.524009e+00
1.007685e-02 3.522956e+00
1.009295e-02 3.521900e+00
1.010908e-02 3.520841e+00
1.012523e-02 3.519779e+00
1.014141e-02 3.518714e+00
1.015761e-02 3.517646e+00
1.017384e-02 3.516575e+00
1.019009e-02 3.515500e+00
1.020637e-02 3.514422e+00
1.022268e-02 3.513341e+00
1.023901e-02 3.512257e+00
1.025537e-02 3.511170e+00
1.027175e-02 3.510080e+00
1.028816e-02 3.508986e+00
1.030460e-02 3.507889e+00
1.032106e-02 3.506789e+00
1.033755e-02 3.505686e+00
1.035407e-02 3.504579e+00
1.037061e-02 3.503469e+00
1.038718e-02 3.502356e+00
1.040377e-02 3.501240e+00
1.042039e-02 3.500121e+00
1.043704e-02 3.498998e+00
1.045372e-02 3.497872e+00
1.047042e-02 3.496742e+00
1.048714e-02 3.495610e+00
1.050390e-02 3.494474e+00
1.052068e-02 3.493334e+00
1.053749e-02 3.492191e+00
1.055432e-02 3.491045e+00
1.057119e-02 3.489896e+00
1.058808e-02 3.488744e+00
1.060499e-02 3.487587e+00
1.062193e-02 3.486428e+00
1.063890e-02 3.485265e+00
1.065590e-02 3.484099e+00
1.067293e-02 3.482929e+00
1.068998e-02 3.481756e+00
1.070706e-02 3.480580e+00
1.072416e-02 3.479400e+00
1.074129e-02 3.478217e+00
1.075846e-02 3.477030e+00
1.077564e-02 3.475840e+00
1.079286e-02 3.474646e+00
1.081010e-02 3.473449e+00
1.082737e-02 3.472248e+00
1.084467e-02 3.471045e+00
1.086200e-02 3.469837e+00
1.087935e-02 3.468626e+00
1.089673e-02 3.467411e+00
1.091414e-02 3.466193e+00
1.093158e-02 3.464971e+00
1.094904e-02 3.463746e+00
1.096653e-02 3.462517e+00
1.098406e-02 3.461285e+00
1.100160e-02 3.460049e+00
1.101918e-02 3.458810e+00
1.103679e-02 3.457566e+00
1.105442e-02 3.456320e+00
1.107208e-02 3.455070e+00
1.108977e-02 3.453816e+00
1.110749e-02 3.452559e+00
1.112523e-02 3.451297e+00
1.114301e-02 3.450032e+00
1.116081e-02 3.448764e+00
1.117864e-02 3.447492e+00
1.119650e-02 3.446216e+00
1.121439e-02 3.444937e+00
1.123230e-02 3.443654e+00
1.125025e-02 3.442367e+00
1.126822e-02 3.441076e+00
1.128622e-02 3.439782e+00
1.130426e-02 3.438484e+00
1.132232e-02 3.437183e+00
1.134040e-02 3.435877e+00
1.135852e-02 3.434568e+00
1.137667e-02 3.433255e+00
1.139485e-02 3.431938e+00
1.141305e-02 3.430618e+00
1.143128e-02 3.429293e+00
1.144955e-02 3.427965e+00
1.146784e-02 3.426633e+00
1.148616e-02 3.425297e+00
1.150451e-02 3.423958e+00
1.152289e-02 3.422614e+00
1.154130e-02 3.421267e+00
1.155974e-02 3.419916e+00
1.157821e-02 3.418561e+00
1.159671e-02 3.417202e+00
1.161523e-02 3.415840e+00
1.163379e-02 3.414473e+00
1.165238e-02 3.413102e+00
1.167099e-02 3.411728e+00
1.168964e-02 3.410349e+00
1.170831e-02 3.408967e+00
1.172702e-02 3.407581e+00
1.174576e-02 3.406190e+00
1.176452e-02 3.404796e+00
1.178332e-02 3.403398e+00
1.180214e-02 3.401995e+00
1.182100e-02 3.400589e+00
1.183988e-02 3.399179e+00
1.185880e-02 3.397765e+00
1.187775e-02 3.396347e+00
1.189672e-02 3.394925e+00
1.191573e-02 3.393498e+00
1.193477e-02 3.392068e+00
1.195383e-02 3.390633e+00
1.197293e-02 3.389195e+00
1.199206e-02 3.387753e+00
1.201122e-02 3.386306e+00
1.203041e-02 3.384855e+00
1.204963e-02 3.383400e+00
1.206888e-02 3.381941e+00
1.208816e-02 3.380478e+00
1.210747e-02 3.379010e+00
1.212682e-02 3.377539e+00
1.214619e-02 3.376064e+00
1.216560e-02 3.374584e+00
1.218503e-02 3.373100e+00
1.220450e-02 3.371612e+00
1.222400e-02 3.370119e+00
1.224353e-02 3.368623e+00
1.226309e-02 3.367122e+00
1.228268e-02 3.365618e+00
1.230230e-02 3.364108e+00
1.232196e-02 3.362594e+00
1.234164e-02 3.361076e+00
1.236136e-02 3.359555e+00
1.238111e-02 3.358028e+00
1.240089e-02 3.356498e+00
1.242070e-02 3.354963e+00
1.244055e-02 3.353423e+00
1.246042e-02 3.351880e+00
1.248033e-02 3.350332e+00
1.250027e-02 3.348779e+00
1.252024e-02 3.347223e+00
1.254024e-02 3.345662e+00
1.256028e-02 3.344097e+00
1.258034e-02 3.342527e+00
1.260044e-02 3.340953e+00
1.262057e-02 3.339375e+00
1.264074e-02 3.337791e+00
1.266093e-02 3.336204e+00
1.268116e-02 3.334612e+00
1.270142e-02 3.333016e+00
1.272171e-02 3.331415e+00
1.274204e-02 3.329810e+00
1.276239e-02 3.328200e+00
1.278278e-02 3.326586e+00
1.280321e-02 3.324967e+00
1.282366e-02 3.323344e+00
1.284415e-02 3.321717e+00
1.286467e-02 3.320085e+00
1.288522e-02 3.318448e+00
1.290581e-02 3.316806e+00
1.292643e-02 3.315161e+00
1.294708e-02 3.313510e+00
1.296776e-02 3.311855e+00
1.298848e-02 3.310195e+00
1.300923e-02 3.308531e+00
1.303001e-02 3.306863e+00
1.305083e-02 3.305189e+00
1.307168e-02 3.303511e+00
1.309257e-02 3.301828e+00
1.311348e-02 3.300141e+00
1.313443e-02 3.298449e+00
1.315542e-02 3.296752e+00
1.317644e-02 3.295051e+00
1.319749e-02 3.293344e+00
1.321857e-02 3.291634e+00
1.323969e-02 3.289918e+00
1.326084e-02 3.288198e+00
1.328203e-02 3.286473e+00
1.330325e-02 3.284743e+00
1.332450e-02 3.283009e+00
1.334579e-02 3.281269e+00
1.336711e-02 3.279525e+00
1.338847e-02 3.277776e+00
1.340986e-02 3.276023e+00
1.343128e-02 3.274264e+00
1.345274e-02 3.272501e+00
1.347423e-02 3.270733e+00
1.349576e-02 3.268960e+00
1.351732e-02 3.267182e+00
1.353892e-02 3.265399e+00
1.356055e-02 3.263612e+00
1.358221e-02 3.261819e+00
1.360391e-02 3.260022e+00
1.362565e-02 3.258219e+00
1.364741e-02 3.256413e+00
1.366922e-02 3.254600e+00
1.369106e-02 3.252783e+00
1.371293e-02 3.250961e+00
1.373484e-02 3.249134e+00
1.375678e-02 3.247302e+00
1.377876e-02 3.245465e+00
1.380077e-02 3.243623e+00
1.382282e-02 3.241776e+00
1.384491e-02 3.239924e+00
1.386702e-02 3.238067e+00
1.388918e-02 3.236205e+00
1.391137e-02 3.234339e+00
1.393359e-02 3.232466e+00
1.395585e-02 3.230589e+00
1.397815e-02 3.228707e+00
1.400048e-02 3.226819e+00
1.402285e-02 3.224927e+00
1.404525e-02 3.223029e+00
1.406769e-02 3.221127e+00
1.409017e-02 3.219219e+00
1.411268e-02 3.217306e+00
1.413523e-02 3.215388e+00
1.415781e-02 3.213464e+00
1.418043e-02 3.211536e+00
1.420308e-02 3.209602e+00
1.422578e-02 3.207664e+00
1.424850e-02 3.205719e+00
1.427127e-02 3.203770e+00
1.429407e-02 3.201816e+00
1.431690e-02 3.199856e+00
1.433978e-02 3.197891e+00
1.436269e-02 3.195920e+00
1.438563e-02 3.193945e+00
1.440862e-02 3.191964e+00
1.443164e-02 3.189977e+00
1.445469e-02 3.187986e+00
1.447779e-02 3.185989e+00
1.450092e-02 3.183987e+00
1.452408e-02 3.181980e+00
1.454729e-02 3.179967e+00
1.457053e-02 3.177949e+00
1.459381e-02 3.175926e+00
1.461712e-02 3.173897e+00
1.464048e-02 3.171863e+00
1.466387e-02 3.169823e+00
1.468729e-02 3.167778e+00
1.471076e-02 3.165727e+00
1.473426e-02 3.163671e+00
1.475780e-02 3.161610e+00
1.478138e-02 3.159543e+00
1.480499e-02 3.157471e+00
1.482865e-02 3.155393e+00
1.485234e-02 3.153310e+00
1.487607e-02 3.151221e+00
1.489983e-02 3.149127e+00
1.492364e-02 3.147027e+00
1.494748e-02 3.144922e+00
1.497136e-02 3.142811e+00
1.499528e-02 3.140694e+00
1.501924e-02 3.138572e+00
1.504323e-02 3.136445e+00
1.506727e-02 3.134312e+00
1.509134e-02 3.132173e+00
1.511545e-02 3.130029e+00
1.513960e-02 3.127879e+00
1.516378e-02 3.125723e+00
1.518801e-02 3.123562e+00
1.521228e-02 3.121395e+00
1.523658e-02 3.119223e+00
1.526092e-02 3.117044e+00
1.528530e-02 3.114861e+00
1.530972e-02 3.112671e+00
1.533418e-02 3.110476e+00
1.535868e-02 3.108275e+00
1.538322e-02 3.106069e+00
1.540780e-02 3.103856e+00
1.543241e-02 3.101638e+00
1.545707e-02 3.099414e+00
1.548176e-02 3.097184e+00
1.550650e-02 3.094949e+00
1.553127e-02 3.092707e+00
1.555608e-02 3.090461e+00
1.558094e-02 3.088208e+00
1.560583e-02 3.085949e+00
1.563076e-02 3.083685e+00
1.565573e-02 3.081414e+00
1.568075e-02 3.079138e+00
1.570580e-02 3.076856e+00
1.573089e-02 3.074569e+00
1.575602e-02 3.072275e+00
1.578120e-02 3.069975e+00
1.580641e-02 3.067670e+00
1.583166e-02 3.065358e+00
1.585695e-02 3.063041e+00
1.588229e-02 3.060718e+00
1.590766e-02 3.058388e+00
1.593308e-02 3.056053e+00
1.595853e-02 3.053712e+00
1.598403e-02 3.051365e+00
1.600956e-02 3.049012e+00
1.603514e-02 3.046653e+00
1.606076e-02 3.044288e+00
1.608642e-02 3.041917e+00
1.611212e-02 3.039540e+00
1.613786e-02 3.037157e+00
1.616364e-02 3.034768e+00
1.618947e-02 3.032373e+00
1.621533e-02 3.029971e+00
1.624124e-02 3.027564e+00
1.626719e-02 3.025151e+00
1.629318e-02 3.022731e+00
1.631921e-02 3.020305e+00
1.634528e-02 3.017874e+00
1.637139e-02 3.015436e+00
1.639755e-02 3.012992e+00
1.642374e-02 3.010542e+00
1.644998e-02 3.008086e+00
1.647626e-02 3.005624e+00
1.650259e-02 3.003155e+00
1.652895e-02 3.000680e+00
1.655536e-02 2.998199e+00
1.658181e-02 2.995713e+00
1.660830e-02 2.993219e+00
1.663484e-02 2.990719e+00
1.666141e-02 2.988214e+00
1.668803e-02 2.985702e+00
1.671469e-02 2.983183e+00
1.674140e-02 2.980659e+00
1.676814e-02 2.978128e+00
1.679493e-02 2.975591e+00
1.682176e-02 2.973047e+00
1.684864e-02 2.970498e+00
1.687556e-02 2.967942e+00
1.690252e-02 2.965380e+00
1.692952e-02 2.962811e+00
1.695657e-02 2.960236e+00
1.698366e-02 2.957655e+00
1.701079e-02 2.955067e+00
1.703797e-02 2.952474e+00
1.706519e-02 2.949873e+00
1.709246e-02 2.947267e+00
1.711976e-02 2.944654e+00
1.714711e-02 2.942034e+00
1.717451e-02 2.939408e+00
1.720195e-02 2.936776e+00
1.722943e-02 2.934138e+00
1.725696e-02 2.931492e+00
1.728453e-02 2.928841e+00
1.731214e-02 2.926183e+00
1.733980e-02 2.923518e+00
1.736750e-02 2.920847e+00
1.739525e-02 2.918169e+00
1.742304e-02 2.915486e+00
1.745088e-02 2.912795e+00
1.747876e-02 2.910098e+00
1.750668e-02 2.907395e+00
1.753465e-02 2.904685e+00
1.756267e-02 2.901968e+00
1.759072e-02 2.899246e+00
1.761883e-02 2.896516e+00
1.764698e-02 2.893780e+00
1.767517e-02 2.891037e+00
1.770341e-02 2.888288e+00
1.773169e-02 2.885532e+00
1.776002e-02 2.882770e+00
1.778839e-02 2.880001e+00
1.781681e-02 2.877225e+00
1.784528e-02 2.874443e+00
1.787379e-02 2.871654e+00
1.790235e-02 2.868859e+00
1.793095e-02 2.866057e+00
1.795959e-02 2.863248e+00
1.798829e-02 2.860432e+00
1.801703e-02 2.857610e+00
1.804581e-02 2.854782e+00
1.807464e-02 2.851946e+00
1.810352e-02 2.849104e+00
1.813244e-02 2.846256e+00
1.816141e-02 2.843400e+00
1.819042e-02 2.840538e+00
1.821949e-02 2.837669e+00
1.824859e-02 2.834793e+00
1.827775e-02 2.831911e+00
1.830695e-02 2.829021e+00
1.833620e-02 2.826126e+00
1.836549e-02 2.823223e+00
1.839483e-02 2.820314e+00
1.842422e-02 2.817398e+00
1.845366e-02 2.814475e+00
1.848314e-02 2.811545e+00
1.851267e-02 2.808609e+00
1.854225e-02 2.805666e+00
1.857187e-02 2.802715e+00
1.860154e-02 2.799759e+00
1.863126e-02 2.796795e+00
1.866103e-02 2.793824e+00
1.869084e-02 2.790847e+00
1.872070e-02 2.787863e+00
1.875061e-02 2.784872e+00
1.878057e-02 2.781874e+00
1.881057e-02 2.778869e+00
1.884062e-02 2.775858e+00
1.887072e-02 2.772839e+00
1.890087e-02 2.769814e+00
1.893107e-02 2.766782e+00
1.896131e-02 2.763742e+00
1.899161e-02 2.760697e+00
1.902195e-02 2.757644e+00
1.905234e-02 2.754584e+00
1.908278e-02 2.751518e+00
1.911326e-02 2.748444e+00
1.914380e-02 2.745363e+00
1.917439e-02 2.742276e+00
1.920502e-02 2.739182e+00
1.923570e-02 2.736080e+00
1.926643e-02 2.732972e+00
1.929721e-02 2.729856e+00
1.932804e-02 2.726734e+00
1.935892e-02 2.723605e+00
1.938985e-02 2.720469e+00
1.942083e-02 2.717326e+00
1.945186e-02 2.714175e+00
1.948293e-02 2.711019e+00
1.951406e-02 2.707855e+00
1.954524e-02 2.704684e+00
1.957646e-02 2.701506e+00
1.960774e-02 2.698321e+00
1.963907e-02 2.695129e+00
1.967044e-02 2.691930e+00
1.970187e-02 2.688724e+00
1.973334e-02 2.685510e+00
1.976487e-02 2.682290e+00
1.979645e-02 2.679063e+00
1.982808e-02 2.675829e+00
1.985975e-02 2.672588e+00
1.989148e-02 2.669339e+00
1.992326e-02 2.666084e+00
1.995509e-02 2.662822e+00
1.998697e-02 2.659552e+00
2.001891e-02 2.656276e+00
2.005089e-02 2.652992e+00
2.008292e-02 2.649701e+00
2.011501e-02 2.646404e+00
2.014714e-02 2.643099e+00
2.017933e-02 2.639787e+00
2.021157e-02 2.636468e+00
2.024386e-02 2.633142e+00
2.027620e-02 2.629809e+00
2.030860e-02 2.626469e+00
2.034104e-02 2.623122e+00
2.037354e-02 2.619767e+00
2.040609e-02 2.616406e+00
2.043869e-02 2.613038e+00
2.047135e-02 2.609662e+00
2.050405e-02 2.606279e+00
2.053681e-02 2.602890e+00
2.056962e-02 2.599492e+00
2.060248e-02 2.596088e+00
2.063540e-02 2.592677e+00
2.066837e-02 2.589259e+00
2.070139e-02 2.585833e+00
2.073446e-02 2.582401e+00
2.076759e-02 2.578962e+00
2.080077e-02 2.575514e+00
2.083400e-02 2.572061e+00
2.086728e-02 2.568599e+00
2.090062e-02 2.565131e+00
2.093401e-02 2.561656e+00
2.096746e-02 2.558174e+00
2.100096e-02 2.554684e+00
2.103451e-02 2.551187e+00
2.106811e-02 2.547684e+00
2.110177e-02 2.544173e+00
2.113549e-02 2.540655e+00
2.116925e-02 2.537129e+00
2.120307e-02 2.533597e+00
2.123695e-02 2.530058e+00
2.127088e-02 2.526511e+00
2.130486e-02 2.522958e+00
2.133890e-02 2.519396e+00
2.137299e-02 2.515829e+00
2.140714e-02 2.512254e+00
2.144134e-02 2.508671e+00
2.147559e-02 2.505082e+00
2.150990e-02 2.501485e+00
2.154427e-02 2.497882e+00
2.157869e-02 2.494271e+00
2.161316e-02 2.490653e+00
2.164769e-02 2.487028e+00
2.168228e-02 2.483396e+00
2.171692e-02 2.479756e+00
2.175161e-02 2.476110e+00
2.178637e-02 2.472456e+00
2.182117e-02 2.468796e+00
2.185603e-02 2.465128e+00
2.189095e-02 2.461453e+00
2.192593e-02 2.457771e+00
2.196096e-02 2.454082e+00
2.199604e-02 2.450386e+00
2.203118e-02 2.446682e+00
2.206638e-02 2.442972e+00
2.210164e-02 2.439254e+00
2.213695e-02 2.435530e+00
2.217231e-02 2.431798e+00
2.220774e-02 2.428059e+00
2.224322e-02 2.424313e+00
2.227875e-02 2.420560e+00
2.231435e-02 2.416800e+00
2.235000e-02 2.413033e+00
2.238570e-02 2.409258e+00
2.242147e-02 2.405477e+00
2.245729e-02 2.401689e+00
2.249317e-02 2.397894e+00
2.252910e-02 2.394091e+00
2.256510e-02 2.390281e+00
2.260115e-02 2.386465e+00
2.263726e-02 2.382641e+00
2.267342e-02 2.378810e+00
2.270965e-02 2.374973e+00
2.274593e-02 2.371128e+00
2.278227e-02 2.367276e+00
2.281867e-02 2.363417e+00
2.285512e-02 2.359552e+00
2.289164e-02 2.355679e+00
2.292821e-02 2.351799e+00
2.296484e-02 2.347912e+00
2.300153e-02 2.344018e+00
2.303828e-02 2.340117e+00
2.307508e-02 2.336210e+00
2.311195e-02 2.332294e+00
2.314887e-02 2.328373e+00
2.318586e-02 2.324444e+00
2.322290e-02 2.320508e+00
2.326000e-02 2.316566e+00
2.329716e-02 2.312616e+00
2.333438e-02 2.308660e+00
2.337166e-02 2.304697e+00
2.340900e-02 2.300726e+00
2.344640e-02 2.296749e+00
2.348386e-02 2.292765e+00
2.352138e-02 2.288774e+00
2.355896e-02 2.284776e+00
2.359660e-02 2.280771e+00
2.363429e-02 2.276760e+00
2.367205e-02 2.272742e+00
2.370987e-02 2.268716e+00
2.374775e-02 2.264684e+00
2.378569e-02 2.260645e+00
2.382369e-02 2.256600e+00
2.386176e-02 2.252547e+00
2.389988e-02 2.248488e+00
2.393806e-02 2.244421e+00
2.397631e-02 2.240349e+00
2.401461e-02 2.236269e+00
2.405298e-02 2.232183e+00
2.409141e-02 2.228089e+00
2.412990e-02 2.223989e+00
2.416845e-02 2.219883e+00
2.420706e-02 2.215769e+00
2.424573e-02 2.211649e+00
2.428447e-02 2.207523e+00
2.432327e-02 2.203389e+00
2.436213e-02 2.199249e+00
2.440105e-02 2.195103e+00
2.444003e-02 2.190949e+00
2.447908e-02 2.186789e+00
2.451819e-02 2.182623e+00
2.455736e-02 2.178450e+00
2.459659e-02 2.174270e+00
2.463589e-02 2.170084e+00
2.467525e-02 2.165890e+00
2.471467e-02 2.161691e+00
2.475415e-02 2.157485e+00
2.479370e-02 2.153273e+00
2.483331e-02 2.149054e+00
2.487299e-02 2.144828e+00
2.491273e-02 2.140596e+00
2.495253e-02 2.136358e+00
2.499239e-02 2.132113e+00
2.503232e-02 2.127862e+00
2.507231e-02 2.123604e+00
2.511237e-02 2.119340e+00
2.515249e-02 2.115070e+00
2.519268e-02 2.110793e+00
2.523293e-02 2.106510e+00
2.527324e-02 2.102220e+00
2.531362e-02 2.097924e+00
2.535406e-02 2.093622e+00
2.539456e-02 2.089314e+00
2.543514e-02 2.084999e+00
2.547577e-02 2.080678e+00
2.551647e-02 2.076351e+00
2.555724e-02 2.072018e+00
2.559807e-02 2.067678e+00
2.563897e-02 2.063333e+00
2.567993e-02 2.058981e+00
2.572096e-02 2.054623e+00
2.576205e-02 2.050258e+00
2.580321e-02 2.045888e+00
2.584443e-02 2.041512e+00
2.588572e-02 2.037129e+00
2.592708e-02 2.032742e+00
2.596850e-02 2.028347e+00
2.600999e-02 2.023947e+00
2.605154e-02 2.019540e+00
2.609316e-02 2.015128e+00
2.613485e-02 2.010710e+00
2.617660e-02 2.006286e+00
2.621842e-02 2.001855e+00
2.626031e-02 1.997419e+00
2.630227e-02 1.992978e+00
2.634429e-02 1.988530e+00
2.638638e-02 1.984077e+00
2.642853e-02 1.979618e+00
2.647076e-02 1.975152e+00
2.651305e-02 1.970682e+00
2.655540e-02 1.966205e+00
2.659783e-02 1.961723e+00
2.664032e-02 1.957235e+00
2.668289e-02 1.952742e+00
2.672552e-02 1.948243e+00
2.676821e-02 1.943738e+00
2.681098e-02 1.939228e+00
2.685381e-02 1.934713e+00
2.689672e-02 1.930191e+00
2.693969e-02 1.925665e+00
2.698273e-02 1.921133e+00
2.702584e-02 1.916595e+00
2.706901e-02 1.912051e+00
2.711226e-02 1.907503e+00
2.715558e-02 1.902949e+00
2.719896e-02 1.898390e+00
2.724241e-02 1.893826e+00
2.728594e-02 1.889256e+00
2.732953e-02 1.884681e+00
2.737319e-02 1.880101e+00
2.741693e-02 1.875515e+00
2.746073e-02 1.870925e+00
2.750460e-02 1.866329e+00
2.754854e-02 1.861728e+00
2.759256e-02 1.857122e+00
2.763664e-02 1.852511e+00
2.768079e-02 1.847895e+00
2.772502e-02 1.843274e+00
2.776931e-02 1.838648e+00
2.781368e-02 1.834017e+00
2.785811e-02 1.829381e+00
2.790262e-02 1.824741e+00
2.794720e-02 1.820095e+00
2.799185e-02 1.815445e+00
2.803657e-02 1.810790e+00
2.808136e-02 1.806130e+00
2.812622e-02 1.801465e+00
2.817116e-02 1.796796e+00
2.821617e-02 1.792122e+00
2.826125e-02 1.787444e+00
2.830640e-02 1.782761e+00
2.835162e-02 1.778073e+00
2.839692e-02 1.773381e+00
2.844228e-02 1.768684e+00
2.848772e-02 1.763983e+00
2.853324e-02 1.759278e+00
2.857882e-02 1.754568e+00
2.862448e-02 1.749853e+00
2.867021e-02 1.745135e+00
2.871602e-02 1.740412e+00
2.876190e-02 1.735685e+00
2.880785e-02 1.730954e+00
2.885387e-02 1.726218e+00
2.889997e-02 1.721479e+00
2.894614e-02 1.716735e+00
2.899239e-02 1.711987e+00
2.903871e-02 1.707236e+00
2.908510e-02 1.702480e+00
2.913157e-02 1.697720e+00
2.917811e-02 1.692957e+00
2.922472e-02 1.688190e+00
2.927141e-02 1.683418e+00
2.931818e-02 1.678643e+00
2.936502e-02 1.673864e+00
2.941193e-02 1.669082e+00
2.945892e-02 1.664296e+00
2.950599e-02 1.659506e+00
2.955313e-02 1.654713e+00
2.960034e-02 1.649916e+00
2.964763e-02 1.645116e+00
2.969500e-02 1.640312e+00
2.974244e-02 1.635505e+00
2.978996e-02 1.630694e+00
2.983755e-02 1.625880e+00
2.988522e-02 1.621063e+00
2.993297e-02 1.616242e+00
2.998079e-02 1.611419e+00
3.002869e-02 1.606592e+00
3.007666e-02 1.601762e+00
3.012472e-02 1.596929e+00
3.017284e-02 1.592093e+00
3.022105e-02 1.587254e+00
3.026933e-02 1.582411e+00
3.031769e-02 1.577567e+00
3.036613e-02 1.572719e+00
3.041464e-02 1.567868e+00
3.046323e-02 1.563015e+00
3.051190e-02 1.558159e+00
3.056065e-02 1.553300e+00
3.060947e-02 1.548439e+00
3.065838e-02 1.543575e+00
3.070736e-02 1.538709e+00
3.075642e-02 1.533840e+00
3.080555e-02 1.528968e+00
3.085477e-02 1.524095e+00
3.090407e-02 1.519219e+00
3.095344e-02 1.514340e+00
3.100289e-02 1.509460e+00
3.105242e-02 1.504577e+00
3.110203e-02 1.499692e+00
3.115172e-02 1.494805e+00
3.120149e-02 1.489916e+00
3.125134e-02 1.485025e+00
3.130127e-02 1.480132e+00
3.135128e-02 1.475237e+00
3.140137e-02 1.470341e+00
3.145153e-02 1.465442e+00
3.150178e-02 1.460542e+00
3.155211e-02 1.455641e+00
3.160252e-02 1.450737e+00
3.165301e-02 1.445832e+00
3.170358e-02 1.440925e+00
3.175423e-02 1.436018e+00
3.180496e-02 1.431109e+00
3.185577e-02 1.426198e+00
3.190667e-02 1.421286e+00
3.195764e-02 1.416373e+00
3.200870e-02 1.411458e+00
3.205984e-02 1.406543e+00
3.211106e-02 1.401626e+00
3.216236e-02 1.396708e+00
3.221374e-02 1.391790e+00
3.226521e-02 1.386871e+00
3.231676e-02 1.381950e+00
3.236839e-02 1.377029e+00
3.242010e-02 1.372107e+00
3.247190e-02 1.367185e+00
3.252378e-02 1.362262e+00
3.257574e-02 1.357338e+00
3.262778e-02 1.352413e+00
3.267991e-02 1.347489e+00
3.273212e-02 1.342564e+00
3.278441e-02 1.337638e+00
3.283679e-02 1.332713e+00
3.288925e-02 1.327787e+00
3.294180e-02 1.322861e+00
3.299443e-02 1.317935e+00
3.304714e-02 1.313009e+00
3.309994e-02 1.308083e+00
3.315282e-02 1.303157e+00
3.320578e-02 1.298231e+00
3.325883e-02 1.293306e+00
3.331197e-02 1.288381e+00
3.336519e-02 1.283456e+00
3.341850e-02 1.278531e+00
3.347189e-02 1.273607e+00
3.352536e-02 1.268684e+00
3.357892e-02 1.263761e+00
3.363257e-02 1.258839e+00
3.368630e-02 1.253918e+00
3.374012e-02 1.248997e+00
3.379403e-02 1.244077e+00
3.384802e-02 1.239158e+00
3.390209e-02 1.234241e+00
3.395626e-02 1.229324e+00
3.401051e-02 1.224408e+00
3.406484e-02 1.219494e+00
3.411927e-02 1.214581e+00
3.417378e-02 1.209669e+00
3.422837e-02 1.204759e+00
3.428306e-02 1.199850e+00
3.433783e-02 1.194942e+00
3.439269e-02 1.190036e+00
3.444764e-02 1.185132e+00
3.450267e-02 1.180230e+00
3.455780e-02 1.175329e+00
3.461301e-02 1.170431e+00
3.466831e-02 1.165534e+00
3.472369e-02 1.160639e+00
3.477917e-02 1.155747e+00
3.483473e-02 1.150856e+00
3.489039e-02 1.145968e+00
3.494613e-02 1.141082e+00
3.500196e-02 1.136199e+00
3.505788e-02 1.131317e+00
3.511389e-02 1.126439e+00
3.516999e-02 1.121563e+00
3.522618e-02 1.116690e+00
3.528246e-02 1.111819e+00
3.533883e-02 1.106951e+00
3.539528e-02 1.102086e+00
3.545183e-02 1.097224e+00
3.550847e-02 1.092365e+00
3.556520e-02 1.087509e+00
3.562202e-02 1.082657e+00
3.567893e-02 1.077807e+00
3.573593e-02 1.072961e+00
3.579303e-02 1.068119e+00
3.585021e-02 1.063279e+00
3.590749e-02 1.058444e+00
3.596486e-02 1.053612e+00
3.602231e-02 1.048784e+00
3.607986e-02 1.043959e+00
3.613751e-02 1.039138e+00
3.619524e-02 1.034322e+00
3.625307e-02 1.029509e+00
3.631099e-02 1.024700e+00
3.636900e-02 1.019896e+00
3.642710e-02 1.015095e+00
3.648530e-02 1.010300e+00
3.654359e-02 1.005508e+00
3.660198e-02 1.000721e+00
3.666045e-02 9.959384e-01
3.671902e-02 9.911605e-01
3.677769e-02 9.863872e-01
3.683644e-02 9.816190e-01
3.689529e-02 9.768554e-01
3.695424e-02 9.720968e-01
3.701328e-02 9.673434e-01
3.707241e-02 9.625948e-01
3.713164e-02 9.578516e-01
3.719096e-02 9.531137e-01
3.725038e-02 9.483809e-01
3.730989e-02 9.436540e-01
3.736950e-02 9.389322e-01
3.742920e-02 9.342159e-01
3.748900e-02 9.295055e-01
3.754890e-02 9.248010e-01
3.760889e-02 9.201020e-01
3.766897e-02 9.154091e-01
3.772915e-02 9.107225e-01
3.778943e-02 9.060415e-01
3.784980e-02 9.013668e-01
3.791027e-02 8.966984e-01
3.797084e-02 8.920365e-01
3.803151e-02 8.873806e-01
3.809227e-02 8.827314e-01
3.815312e-02 8.780891e-01
3.821408e-02 8.734530e-01
3.827513e-02 8.688239e-01
3.833628e-02 8.642015e-01
3.839753e-02 8.595861e-01
3.845887e-02 8.549777e-01
3.852032e-02 8.503762e-01
3.858186e-02 8.457822e-01
3.864350e-02 8.411952e-01
3.870524e-02 8.366157e-01
3.876707e-02 8.320435e-01
3.882901e-02 8.274788e-01
3.889104e-02 8.229219e-01
3.895318e-02 8.183724e-01
3.901541e-02 8.138307e-01
3.907774e-02 8.092970e-01
3.914018e-02 8.047711e-01
3.920271e-02 8.002533e-01
3.926534e-02 7.957437e-01
3.932807e-02 7.912421e-01
3.939090e-02 7.867489e-01
3.945383e-02 7.822641e-01
3.951687e-02 7.777877e-01
3.958000e-02 7.733197e-01
3.964324e-02 7.688604e-01
3.970657e-02 7.644098e-01
3.977001e-02 7.599682e-01
3.983355e-02 7.555353e-01
3.989719e-02 7.511114e-01
3.996093e-02 7.466963e-01
4.002477e-02 7.422907e-01
4.008872e-02 7.378941e-01
4.015276e-02 7.335070e-01
4.021691e-02 7.291293e-01
4.028116e-02 7.247608e-01
4.034552e-02 7.204021e-01
4.040998e-02 7.160532e-01
4.047454e-02 7.117138e-01
4.053920e-02 7.073843e-01
4.060397e-02 7.030649e-01
4.066884e-02 6.987553e-01
4.073381e-02 6.944559e-01
4.079889e-02 6.901665e-01
4.086407e-02 6.858875e-01
4.092936e-02 6.816189e-01
4.099475e-02 6.773608e-01
4.106024e-02 6.731132e-01
4.112584e-02 6.688762e-01
4.119155e-02 6.646500e-01
4.125736e-02 6.604344e-01
4.132327e-02 6.562297e-01
4.138929e-02 6.520360e-01
4.145541e-02 6.478535e-01
4.152164e-02 6.436820e-01
4.158798e-02 6.395217e-01
4.165442e-02 6.353730e-01
4.172097e-02 6.312355e-01
4.178763e-02 6.271093e-01
4.185439e-02 6.229950e-01
4.192126e-02 6.188921e-01
4.198823e-02 6.148013e-01
4.205531e-02 6.107222e-01
4.212250e-02 6.066549e-01
4.218980e-02 6.025996e-01
4.225720e-02 5.985564e-01
4.232472e-02 5.945256e-01
4.239234e-02 5.905069e-01
4.246006e-02 5.865006e-01
4.252790e-02 5.825067e-01
4.259584e-02 5.785255e-01
4.266390e-02 5.745566e-01
4.273206e-02 5.706007e-01
4.280033e-02 5.666574e-01
4.286871e-02 5.627269e-01
4.293720e-02 5.588095e-01
4.300579e-02 5.549052e-01
4.307450e-02 5.510141e-01
4.314332e-02 5.471360e-01
4.321225e-02 5.432712e-01
4.328128e-02 5.394199e-01
4.335043e-02 5.355819e-01
4.341969e-02 5.317576e-01
4.348906e-02 5.279469e-01
4.355854e-02 5.241499e-01
4.362813e-02 5.203666e-01
4.369783e-02 5.165974e-01
4.376764e-02 5.128422e-01
4.383757e-02 5.091007e-01
4.390761e-02 5.053736e-01
4.397775e-02 5.016607e-01
4.404801e-02 4.979619e-01
4.411839e-02 4.942777e-01
4.418887e-02 4.906078e-01
4.425947e-02 4.869525e-01
4.433018e-02 4.833119e-01
4.440100e-02 4.796858e-01
4.447194e-02 4.760747e-01
4.454299e-02 4.724784e-01
4.461415e-02 4.688970e-01
4.468543e-02 4.653307e-01
4.475682e-02 4.617794e-01
4.482833e-02 4.582433e-01
4.489995e-02 4.547224e-01
4.497168e-02 4.512169e-01
4.504353e-02 4.477269e-01
4.511549e-02 4.442523e-01
4.518757e-02 4.407933e-01
4.525976e-02 4.373499e-01
4.533207e-02 4.339223e-01
4.540450e-02 4.305105e-01
4.547704e-02 4.271146e-01
4.554969e-02 4.237345e-01
4.562247e-02 4.203705e-01
4.569535e-02 4.170226e-01
4.576836e-02 4.136910e-01
4.584148e-02 4.103755e-01
4.591472e-02 4.070764e-01
4.598807e-02 4.037936e-01
4.606154e-02 4.005273e-01
4.613513e-02 3.972776e-01
4.620884e-02 3.940446e-01
4.628267e-02 3.908280e-01
4.635661e-02 3.876283e-01
4.643067e-02 3.844455e-01
4.650485e-02 3.812795e-01
4.657915e-02 3.781306e-01
4.665356e-02 3.749986e-01
4.672810e-02 3.718838e-01
4.680275e-02 3.687861e-01
4.687753e-02 3.657056e-01
4.695242e-02 3.626425e-01
4.702743e-02 3.595968e-01
4.710257e-02 3.565685e-01
4.717782e-02 3.535576e-01
4.725319e-02 3.505645e-01
4.732869e-02 3.475888e-01
4.740430e-02 3.446309e-01
4.748004e-02 3.416908e-01
4.755589e-02 3.387685e-01
4.763187e-02 3.358640e-01
4.770797e-02 3.329775e-01
4.778419e-02 3.301090e-01
4.786053e-02 3.272586e-01
4.793699e-02 3.244262e-01
4.801358e-02 3.216122e-01
4.809029e-02 3.188163e-01
4.816712e-02 3.160388e-01
4.824407e-02 3.132796e-01
4.832115e-02 3.105389e-01
4.839835e-02 3.078164e-01
4.847567e-02 3.051127e-01
4.855312e-02 3.024276e-01
4.863069e-02 2.997609e-01
4.870838e-02 2.971131e-01
4.878620e-02 2.944840e-01
4.886414e-02 2.918737e-01
4.894221e-02 2.892822e-01
4.902040e-02 2.867096e-01
4.909872e-02 2.841559e-01
4.917716e-02 2.816212e-01
4.925573e-02 2.791056e-01
4.933442e-02 2.766092e-01
4.941324e-02 2.741318e-01
4.949218e-02 2.716736e-01
4.957125e-02 2.692346e-01
4.965045e-02 2.668149e-01
4.972977e-02 2.644145e-01
4.980922e-02 2.620335e-01
4.988880e-02 2.596719e-01
4.996851e-02 2.573296e-01
5.004834e-02 2.550070e-01
5.012830e-02 2.527038e-01
5.020838e-02 2.504202e-01
5.028860e-02 2.481562e-01
5.036894e-02 2.459118e-01
5.044941e-02 2.436871e-01
5.053001e-02 2.414820e-01
5.061074e-02 2.392968e-01
5.069160e-02 2.371313e-01
5.077259e-02 2.349856e-01
5.085370e-02 2.328597e-01
5.093495e-02 2.307537e-01
5.101632e-02 2.286676e-01
5.109783e-02 2.266015e-01
5.117946e-02 2.245553e-01
5.126123e-02 2.225291e-01
5.134313e-02 2.205229e-01
5.142516e-02 2.185367e-01
5.150731e-02 2.165706e-01
5.158960e-02 2.146245e-01
5.167203e-02 2.126986e-01
5.175458e-02 2.107928e-01
5.183726e-02 2.089071e-01
5.192008e-02 2.070416e-01
5.200303e-02 2.051964e-01
5.208611e-02 2.033713e-01
5.216933e-02 2.015664e-01
5.225267e-02 1.997817e-01
5.233616e-02 1.980173e-01
5.241977e-02 1.962731e-01
5.250352e-02 1.945493e-01
5.258740e-02 1.928457e-01
5.267141e-02 1.911624e-01
5.275556e-02 1.894994e-01
5.283985e-02 1.878567e-01
5.292427e-02 1.862343e-01
5.300882e-02 1.846323e-01
5.309351e-02 1.830506e-01
5.317833e-02 1.814892e-01
5.326329e-02 1.799482e-01
5.334839e-02 1.784275e-01
5.343362e-02 1.769270e-01
5.351899e-02 1.754471e-01
5.360449e-02 1.739874e-01
5.369013e-02 1.725480e-01
5.377591e-02 1.711289e-01
5.386183e-02 1.697302e-01
5.394788e-02 1.683518e-01
5.403407e-02 1.669937e-01
5.412039e-02 1.656559e-01
5.420686e-02 1.643384e-01
5.429346e-02 1.630411e-01
5.438020e-02 1.617642e-01
5.446708e-02 1.605074e-01
5.455410e-02 1.592709e-01
5.464126e-02 1.580547e-01
5.472856e-02 1.568586e-01
5.481599e-02 1.556827e-01
5.490357e-02 1.545270e-01
5.499128e-02 1.533915e-01
5.507914e-02 1.522760e-01
5.516714e-02 1.511807e-01
5.525527e-02 1.501054e-01
5.534355e-02 1.490501e-01
5.543197e-02 1.480149e-01
5.552053e-02 1.469997e-01
5.560923e-02 1.460044e-01
5.569808e-02 1.450291e-01
5.578706e-02 1.440737e-01
5.587619e-02 1.431382e-01
5.596546e-02 1.422224e-01
5.605487e-02 1.413265e-01
5.614443e-02 1.404503e-01
5.623412e-02 1.395939e-01
5.632397e-02 1.387571e-01
5.641395e-02 1.379400e-01
5.650408e-02 1.371424e-01
5.659435e-02 1.363645e-01
5.668477e-02 1.356060e-01
5.677533e-02 1.348670e-01
5.686604e-02 1.341474e-01
5.695689e-02 1.334472e-01
5.704789e-02 1.327663e-01
5.713903e-02 1.321046e-01
5.723032e-02 1.314622e-01
5.732175e-02 1.308389e-01
5.741333e-02 1.302347e-01
5.750505e-02 1.296496e-01
5.759693e-02 1.290834e-01
5.768895e-02 1.285362e-01
5.778111e-02 1.280078e-01
5.787342e-02 1.274982e-01
5.796589e-02 1.270074e-01
5.805849e-02 1.265353e-01
5.815125e-02 1.260817e-01
5.824416e-02 1.256467e-01
5.833721e-02 1.252301e-01
5.843041e-02 1.248320e-01
5.852376e-02 1.244522e-01
5.861726e-02 1.240906e-01
5.871091e-02 1.237473e-01
5.880471e-02 1.234220e-01
5.889866e-02 1.231147e-01
5.899276e-02 1.228254e-01
5.908700e-02 1.225540e-01
5.918140e-02 1.223004e-01
5.927595e-02 1.220644e-01
5.937066e-02 1.218461e-01
5.946551e-02 1.216453e-01
5.956051e-02 1.214620e-01
5.965567e-02 1.212960e-01
5.975098e-02 1.211473e-01
5.984644e-02 1.210158e-01
5.994205e-02 1.209014e-01
6.003782e-02 1.208039e-01
6.013374e-02 1.207234e-01
6.022981e-02 1.206596e-01
6.032603e-02 1.206126e-01
6.042241e-02 1.205822e-01
6.051894e-02 1.205683e-01
6.061563e-02 1.205707e-01
6.071247e-02 1.205895e-01
6.080947e-02 1.206245e-01
6.090662e-02 1.206756e-01
6.100393e-02 1.207427e-01
6.110139e-02 1.208256e-01
6.119901e-02 1.209243e-01
6.129678e-02 1.210387e-01
6.139471e-02 1.211686e-01
6.149280e-02 1.213140e-01
6.159104e-02 1.214746e-01
6.168944e-02 1.216505e-01
6.178800e-02 1.218415e-01
6.188671e-02 1.220474e-01
6.198559e-02 1.222681e-01
6.208462e-02 1.225036e-01
6.218381e-02 1.227537e-01
6.228315e-02 1.230183e-01
6.238266e-02 1.232972e-01
6.248232e-02 1.235903e-01
6.258215e-02 1.238976e-01
6.268213e-02 1.242188e-01
6.278228e-02 1.245538e-01
6.288258e-02 1.249026e-01
6.298304e-02 1.252650e-01
6.308367e-02 1.256407e-01
6.318445e-02 1.260298e-01
6.328540e-02 1.264321e-01
6.338650e-02 1.268474e-01
6.348777e-02 1.272757e-01
6.358920e-02 1.277166e-01
6.369080e-02 1.281702e-01
6.379255e-02 1.286362e-01
6.389447e-02 1.291146e-01
6.399655e-02 1.296052e-01
6.409879e-02 1.301078e-01
6.420120e-02 1.306224e-01
6.430377e-02 1.311486e-01
6.440650e-02 1.316865e-01
6.450940e-02 1.322358e-01
6.461246e-02 1.327965e-01
6.471569e-02 1.333682e-01
6.481908e-02 1.339510e-01
6.492264e-02 1.345446e-01
6.502636e-02 1.351489e-01
6.513025e-02 1.357637e-01
6.523431e-02 1.363889e-01
6.533853e-02 1.370244e-01
6.544291e-02 1.376699e-01
6.554747e-02 1.383252e-01
6.565219e-02 1.389904e-01
6.575708e-02 1.396651e-01
6.586213e-02 1.403492e-01
6.596736e-02 1.410426e-01
6.607275e-02 1.417450e-01
6.617831e-02 1.424564e-01
6.628404e-02 1.431765e-01
6.638994e-02 1.439052e-01
6.649600e-02 1.446424e-01
6.660224e-02 1.453877e-01
6.670865e-02 1.461412e-01
6.681522e-02 1.469026e-01
6.692197e-02 1.476718e-01
6.702889e-02 1.484484e-01
6.713597e-02 1.492325e-01
6.724323e-02 1.500238e-01
6.735066e-02 1.508222e-01
6.745827e-02 1.516274e-01
6.756604e-02 1.524394e-01
6.767399e-02 1.532579e-01
6.778210e-02 1.540827e-01
6.789040e-02 1.549136e-01
6.799886e-02 1.557506e-01
6.810750e-02 1.565934e-01
6.821631e-02 1.574418e-01
6.832529e-02 1.582957e-01
6.843445e-02 1.591548e-01
6.854379e-02 1.600191e-01
6.865329e-02 1.608882e-01
6.876298e-02 1.617621e-01
6.887283e-02 1.626405e-01
6.898287e-02 1.635234e-01
6.909308e-02 1.644104e-01
6.920346e-02 1.653014e-01
6.931403e-02 1.661962e-01
6.942476e-02 1.670946e-01
6.953568e-02 1.679965e-01
6.964677e-02 1.689017e-01
6.975804e-02 1.698099e-01
6.986949e-02 1.707211e-01
6.998112e-02 1.716350e-01
7.009292e-02 1.725513e-01
7.020491e-02 1.734701e-01
7.031707e-02 1.743909e-01
7.042941e-02 1.753138e-01
7.054193e-02 1.762384e-01
7.065463e-02 1.771646e-01
7.076751e-02 1.780922e-01
7.088057e-02 1.790211e-01
7.099381e-02 1.799510e-01
7.110723e-02 1.808817e-01
7.122084e-02 1.818131e-01
7.133462e-02 1.827450e-01
7.144859e-02 1.836772e-01
7.156274e-02 1.846095e-01
7.167707e-02 1.855417e-01
7.179158e-02 1.864736e-01
7.190628e-02 1.874051e-01
7.202116e-02 1.883360e-01
7.213623e-02 1.892660e-01
7.225147e-02 1.901950e-01
7.236690e-02 1.911229e-01
7.248252e-02 1.920493e-01
7.259832e-02 1.929742e-01
7.271431e-02 1.938973e-01
7.283048e-02 1.948185e-01
7.294684e-02 1.957376e-01
7.306338e-02 1.966544e-01
7.318011e-02 1.975688e-01
7.329702e-02 1.984805e-01
7.341412e-02 1.993893e-01
7.353141e-02 2.002951e-01
7.364889e-02 2.011977e-01
7.376655e-02 2.020969e-01
7.388441e-02 2.029926e-01
7.400245e-02 2.038846e-01
7.412068e-02 2.047727e-01
7.423909e-02 2.056566e-01
7.435770e-02 2.065363e-01
7.447650e-02 2.074115e-01
7.459548e-02 2.082821e-01
7.471466e-02 2.091480e-01
7.483403e-02 2.100089e-01
7.495358e-02 2.108646e-01
7.507333e-02 2.117151e-01
7.519327e-02 2.125600e-01
7.531341e-02 2.133994e-01
7.543373e-02 2.142329e-01
7.555424e-02 2.150604e-01
7.567495e-02 2.158818e-01
7.579585e-02 2.166969e-01
7.591695e-02 2.175055e-01
7.603824e-02 2.183075e-01
7.615972e-02 2.191027e-01
7.628139e-02 2.198909e-01
7.640326e-02 2.206720e-01
7.652533e-02 2.214459e-01
7.664759e-02 2.222123e-01
7.677004e-02 2.229712e-01
7.689269e-02 2.237222e-01
7.701554e-02 2.244654e-01
7.713858e-02 2.252005e-01
7.726182e-02 2.259275e-01
7.738526e-02 2.266462e-01
7.750889e-02 2.273562e-01
7.763272e-02 2.280578e-01
7.775675e-02 2.287505e-01
7.788098e-02 2.294343e-01
7.800541e-02 2.301090e-01
7.813003e-02 2.307745e-01
7.825485e-02 2.314307e-01
7.837988e-02 2.320775e-01
7.850510e-02 2.327146e-01
7.863052e-02 2.333420e-01
7.875614e-02 2.339595e-01
7.888197e-02 2.345670e-01
7.900799e-02 2.351644e-01
7.913422e-02 2.357515e-01
7.926065e-02 2.363283e-01
7.938728e-02 2.368946e-01
7.951411e-02 2.374502e-01
7.964114e-02 2.379952e-01
7.976838e-02 2.385293e-01
7.989582e-02 2.390524e-01
8.002347e-02 2.395644e-01
8.015132e-02 2.400653e-01
8.027937e-02 2.405549e-01
8.040763e-02 2.410331e-01
8.053609e-02 2.414998e-01
8.066476e-02 2.419549e-01
8.079363e-02 2.423984e-01
8.092271e-02 2.428300e-01
8.105199e-02 2.432497e-01
8.118148e-02 2.436574e-01
8.131118e-02 2.440531e-01
8.144109e-02 2.444367e-01
8.157120e-02 2.448080e-01
8.170152e-02 2.451669e-01
8.183205e-02 2.455135e-01
8.196279e-02 2.458476e-01
8.209374e-02 2.461691e-01
8.222489e-02 2.464780e-01
8.235626e-02 2.467742e-01
8.248783e-02 2.470576e-01
8.261962e-02 2.473282e-01
8.275162e-02 2.475859e-01
8.288382e-02 2.478306e-01
8.301624e-02 2.480623e-01
8.314887e-02 2.482810e-01
8.328171e-02 2.484865e-01
8.341477e-02 2.486788e-01
8.354803e-02 2.488579e-01
8.368151e-02 2.490238e-01
8.381521e-02 2.491763e-01
8.394911e-02 2.493155e-01
8.408323e-02 2.494412e-01
8.421757e-02 2.495536e-01
8.435212e-02 2.496525e-01
8.448688e-02 2.497379e-01
8.462186e-02 2.498098e-01
8.475705e-02 2.498682e-01
8.489247e-02 2.499130e-01
8.502809e-02 2.499442e-01
8.516394e-02 2.499619e-01
8.530000e-02 2.499660e-01
8.543628e-02 2.499564e-01
8.557277e-02 2.499332e-01
8.570949e-02 2.498964e-01
8.584642e-02 2.498460e-01
8.598357e-02 2.497820e-01
8.612094e-02 2.497043e-01
8.625853e-02 2.496130e-01
8.639634e-02 2.495082e-01
8.653437e-02 2.493897e-01
8.667262e-02 2.492577e-01
8.681109e-02 2.491121e-01
8.694979e-02 2.489530e-01
8.708870e-02 2.487804e-01
8.722784e-02 2.485944e-01
8.736720e-02 2.483948e-01
8.750678e-02 2.481819e-01
8.764658e-02 2.479556e-01
8.778661e-02 2.477160e-01
8.792686e-02 2.474630e-01
8.806733e-02 2.471969e-01
8.820803e-02 2.469175e-01
8.834896e-02 2.466250e-01
8.849011e-02 2.463194e-01
8.863148e-02 2.460007e-01
8.877308e-02 2.456691e-01
8.891491e-02 2.453245e-01
8.905697e-02 2.449671e-01
8.919925e-02 2.445969e-01
8.934175e-02 2.442141e-01
8.948449e-02 2.438185e-01
8.962745e-02 2.434105e-01
8.977065e-02 2.429899e-01
8.991407e-02 2.425569e-01
9.005772e-02 2.421117e-01
9.020160e-02 2.416542e-01
9.034571e-02 2.411846e-01
9.049005e-02 2.407029e-01
9.063462e-02 2.402093e-01
9.077942e-02 2.397039e-01
9.092445e-02 2.391867e-01
9.106971e-02 2.386580e-01
9.121521e-02 2.381176e-01
9.136094e-02 2.375659e-01
9.150690e-02 2.370029e-01
9.165310e-02 2.364286e-01
9.179952e-02 2.358433e-01
9.194619e-02 2.352471e-01
9.209308e-02 2.346401e-01
9.224021e-02 2.340223e-01
9.238758e-02 2.333940e-01
9.253518e-02 2.327552e-01
9.268302e-02 2.321062e-01
9.283109e-02 2.314470e-01
9.297941e-02 2.307777e-01
9.312795e-02 2.300986e-01
9.327674e-02 2.294097e-01
9.342576e-02 2.287113e-01
9.357502e-02 2.280033e-01
9.372452e-02 2.272861e-01
9.387426e-02 2.265598e-01
9.402423e-02 2.258245e-01
9.417445e-02 2.250803e-01
9.432491e-02 2.243274e-01
9.447560e-02 2.235661e-01
9.462654e-02 2.227964e-01
9.477772e-02 2.220186e-01
9.492914e-02 2.212327e-01
9.508080e-02 2.204390e-01
9.523271e-02 2.196376e-01
9.538486e-02 2.188287e-01
9.553725e-02 2.180125e-01
9.568988e-02 2.171892e-01
9.584276e-02 2.163588e-01
9.599588e-02 2.155218e-01
9.614925e-02 2.146781e-01
9.630286e-02 2.138280e-01
9.645672e-02 2.129717e-01
9.661082e-02 2.121093e-01
9.676517e-02 2.112411e-01
9.691976e-02 2.103673e-01
9.707461e-02 2.094880e-01
9.722970e-02 2.086034e-01
9.738503e-02 2.077137e-01
9.754062e-02 2.068192e-01
9.769645e-02 2.059200e-01
9.785254e-02 2.050163e-01
9.800887e-02 2.041083e-01
9.816545e-02 2.031963e-01
9.832229e-02 2.022803e-01
9.847937e-02 2.013607e-01
9.863670e-02 2.004377e-01
9.879429e-02 1.995113e-01
9.895213e-02 1.985820e-01
9.911022e-02 1.976497e-01
9.926856e-02 1.967149e-01
9.942715e-02 1.957776e-01
9.958600e-02 1.948381e-01
9.974510e-02 1.938966e-01
9.990446e-02 1.929532e-01
1.000641e-01 1.920083e-01
1.002239e-01 1.910620e-01
1.003841e-01 1.901146e-01
1.005444e-01 1.891661e-01
1.007051e-01 1.882170e-01
1.008660e-01 1.872673e-01
1.010271e-01 1.863173e-01
1.011885e-01 1.853672e-01
1.013502e-01 1.844172e-01
1.015121e-01 1.834675e-01
1.016743e-01 1.825184e-01
1.018367e-01 1.815700e-01
1.019994e-01 1.806225e-01
1.021624e-01 1.796762e-01
1.023256e-01 1.787313e-01
1.024891e-01 1.777880e-01
1.026528e-01 1.768465e-01
1.028168e-01 1.759070e-01
1.029811e-01 1.749698e-01
1.031456e-01 1.740350e-01
1.033104e-01 1.731027e-01
1.034754e-01 1.721734e-01
1.036408e-01 1.712471e-01
1.038063e-01 1.703240e-01
1.039722e-01 1.694045e-01
1.041383e-01 1.684885e-01
1.043047e-01 1.675765e-01
1.044713e-01 1.666685e-01
1.046382e-01 1.657647e-01
1.048054e-01 1.648655e-01
1.049728e-01 1.639709e-01
1.051405e-01 1.630811e-01
1.053085e-01 1.621964e-01
1.054768e-01 1.613170e-01
1.056453e-01 1.604430e-01
1.058141e-01 1.595746e-01
1.059831e-01 1.587120e-01
1.061524e-01 1.578554e-01
1.063220e-01 1.570050e-01
1.064919e-01 1.561609e-01
1.066620e-01 1.553234e-01
1.068324e-01 1.544926e-01
1.070031e-01 1.536686e-01
1.071741e-01 1.528518e-01
1.073453e-01 1.520422e-01
1.075168e-01 1.512400e-01
1.076886e-01 1.504453e-01
1.078606e-01 1.496584e-01
1.080329e-01 1.488794e-01
1.082055e-01 1.481084e-01
1.083784e-01 1.473457e-01
1.085516e-01 1.465913e-01
1.087250e-01 1.458454e-01
1.088987e-01 1.451082e-01
1.090727e-01 1.443798e-01
1.092469e-01 1.436603e-01
1.094215e-01 1.429499e-01
1.095963e-01 1.422488e-01
1.097714e-01 1.415570e-01
1.099467e-01 1.408747e-01
1.101224e-01 1.402020e-01
1.102983e-01 1.395390e-01
1.104746e-01 1.388859e-01
1.106510e-01 1.382428e-01
1.108278e-01 1.376098e-01
1.110049e-01 1.369869e-01
1.111822e-01 1.363744e-01
1.113599e-01 1.357723e-01
1.115378e-01 1.351807e-01
1.117160e-01 1.345997e-01
1.118945e-01 1.340294e-01
1.120732e-01 1.334699e-01
1.122523e-01 1.329213e-01
1.124316e-01 1.323836e-01
1.126112e-01 1.318570e-01
1.127912e-01 1.313415e-01
1.129714e-01 1.308371e-01
1.131518e-01 1.303440e-01
1.133326e-01 1.298622e-01
1.135137e-01 1.293918e-01
1.136950e-01 1.289328e-01
1.138767e-01 1.284853e-01
1.140586e-01 1.280493e-01
1.142408e-01 1.276249e-01
1.144234e-01 1.272121e-01
1.146062e-01 1.268110e-01
1.147893e-01 1.264215e-01
1.149726e-01 1.260437e-01
1.151563e-01 1.256776e-01
1.153403e-01 1.253233e-01
1.155246e-01 1.249807e-01
1.157091e-01 1.246499e-01
1.158940e-01 1.243309e-01
1.160792e-01 1.240237e-01
1.162646e-01 1.237282e-01
1.164504e-01 1.234445e-01
1.166364e-01 1.231726e-01
1.168228e-01 1.229124e-01
1.170094e-01 1.226640e-01
1.171963e-01 1.224272e-01
1.173836e-01 1.222021e-01
1.175711e-01 1.219887e-01
1.177589e-01 1.217869e-01
1.179471e-01 1.215967e-01
1.181355e-01 1.214179e-01
1.183243e-01 1.212507e-01
1.185133e-01 1.210949e-01
1.187026e-01 1.209505e-01
1.188923e-01 1.208174e-01
1.190822e-01 1.206955e-01
1.192725e-01 1.205849e-01
1.194630e-01 1.204853e-01
1.196539e-01 1.203968e-01
1.198451e-01 1.203193e-01
1.200365e-01 1.202526e-01
1.202283e-01 1.201967e-01
1.204204e-01 1.201515e-01
1.206128e-01 1.201169e-01
1.208055e-01 1.200928e-01
1.209985e-01 1.200790e-01
1.211918e-01 1.200756e-01
1.213854e-01 1.200824e-01
1.215793e-01 1.200992e-01
1.217736e-01 1.201260e-01
1.219681e-01 1.201626e-01
1.221630e-01 1.202089e-01
1.223582e-01 1.202648e-01
1.225536e-01 1.203301e-01
1.227494e-01 1.204048e-01
1.229455e-01 1.204886e-01
1.231420e-01 1.205814e-01
1.233387e-01 1.206831e-01
1.235357e-01 1.207936e-01
1.237331e-01 1.209126e-01
1.239308e-01 1.210401e-01
1.241288e-01 1.211758e-01
1.243271e-01 1.213197e-01
1.245257e-01 1.214715e-01
1.247247e-01 1.216310e-01
1.249239e-01 1.217983e-01
1.251235e-01 1.219729e-01
1.253234e-01 1.221548e-01
1.255237e-01 1.223439e-01
1.257242e-01 1.225398e-01
1.259251e-01 1.227425e-01
1.261262e-01 1.229517e-01
1.263277e-01 1.231673e-01
1.265296e-01 1.233891e-01
1.267317e-01 1.236169e-01
1.269342e-01 1.238505e-01
1.271370e-01 1.240897e-01
1.273401e-01 1.243344e-01
1.275435e-01 1.245842e-01
1.277473e-01 1.248391e-01
1.279514e-01 1.250988e-01
1.281558e-01 1.253631e-01
1.283606e-01 1.256318e-01
1.285656e-01 1.259048e-01
1.287710e-01 1.261818e-01
1.289768e-01 1.264626e-01
1.291828e-01 1.267470e-01
1.293892e-01 1.270348e-01
1.295959e-01 1.273257e-01
1.298030e-01 1.276197e-01
1.300104e-01 1.279164e-01
1.302181e-01 1.282157e-01
1.304261e-01 1.285174e-01
1.306345e-01 1.288211e-01
1.308432e-01 1.291269e-01
1.310522e-01 1.294343e-01
1.312616e-01 1.297433e-01
1.314713e-01 1.300536e-01
1.316814e-01 1.303650e-01
1.318917e-01 1.306772e-01
1.321025e-01 1.309901e-01
1.323135e-01 1.313035e-01
1.325249e-01 1.316172e-01
1.327366e-01 1.319309e-01
1.329487e-01 1.322445e-01
1.331611e-01 1.325577e-01
1.333738e-01 1.328704e-01
1.335869e-01 1.331823e-01
1.338003e-01 1.334933e-01
1.340141e-01 1.338031e-01
1.342282e-01 1.341115e-01
1.344427e-01 1.344183e-01
1.346575e-01 1.347235e-01
1.348726e-01 1.350266e-01
1.350881e-01 1.353277e-01
1.353039e-01 1.356264e-01
1.355201e-01 1.359226e-01
1.357366e-01 1.362161e-01
1.359534e-01 1.365068e-01
1.361706e-01 1.367943e-01
1.363882e-01 1.370787e-01
1.366061e-01 1.373596e-01
1.368243e-01 1.376370e-01
1.370429e-01 1.379106e-01
1.372619e-01 1.381802e-01
1.374812e-01 1.384458e-01
1.377008e-01 1.387072e-01
1.379208e-01 1.389641e-01
1.381411e-01 1.392165e-01
1.383618e-01 1.394641e-01
1.385829e-01 1.397069e-01
1.388043e-01 1.399447e-01
1.390261e-01 1.401774e-01
1.392482e-01 1.404048e-01
1.394706e-01 1.406267e-01
1.396935e-01 1.408431e-01
1.399166e-01 1.410538e-01
1.401402e-01 1.412588e-01
1.403641e-01 1.414578e-01
1.405883e-01 1.416508e-01
1.408129e-01 1.418376e-01
1.410379e-01 1.420182e-01
1.412632e-01 1.421924e-01
1.414889e-01 1.423602e-01
1.417150e-01 1.425215e-01
1.419414e-01 1.426760e-01
1.421681e-01 1.428239e-01
1.423953e-01 1.429650e-01
1.426228e-01 1.430992e-01
1.428506e-01 1.432264e-01
1.430789e-01 1.433466e-01
1.433074e-01 1.434598e-01
1.435364e-01 1.435657e-01
1.437657e-01 1.436645e-01
1.439954e-01 1.437561e-01
1.442255e-01 1.438403e-01
1.444559e-01 1.439172e-01
1.446867e-01 1.439868e-01
1.449178e-01 1.440489e-01
1.451494e-01 1.441037e-01
1.453812e-01 1.441509e-01
1.456135e-01 1.441908e-01
1.458462e-01 1.442231e-01
1.460792e-01 1.442479e-01
1.463125e-01 1.442653e-01
1.465463e-01 1.442752e-01
1.467804e-01 1.442776e-01
1.470149e-01 1.442726e-01
1.472498e-01 1.442601e-01
1.474851e-01 1.442401e-01
1.477207e-01 1.442128e-01
1.479567e-01 1.441781e-01
1.481931e-01 1.441361e-01
1.484298e-01 1.440867e-01
1.486670e-01 1.440302e-01
1.489045e-01 1.439664e-01
1.491424e-01 1.438954e-01
1.493806e-01 1.438174e-01
1.496193e-01 1.437324e-01
1.498583e-01 1.436403e-01
1.500978e-01 1.435414e-01
1.503376e-01 1.434357e-01
1.505777e-01 1.433232e-01
1.508183e-01 1.432041e-01
1.510593e-01 1.430784e-01
1.513006e-01 1.429462e-01
1.515423e-01 1.428076e-01
1.517844e-01 1.426628e-01
1.520269e-01 1.425117e-01
1.522698e-01 1.423546e-01
1.525131e-01 1.421915e-01
1.527568e-01 1.420226e-01
1.530008e-01 1.418480e-01
1.532452e-01 1.416677e-01
1.534901e-01 1.414819e-01
1.537353e-01 1.412908e-01
1.539809e-01 1.410944e-01
1.542269e-01 1.408930e-01
1.544733e-01 1.406866e-01
1.547201e-01 1.404753e-01
1.549673e-01 1.402594e-01
1.552149e-01 1.400389e-01
1.554629e-01 1.398140e-01
1.557112e-01 1.395849e-01
1.559600e-01 1.393517e-01
1.562092e-01 1.391146e-01
1.564587e-01 1.388737e-01
1.567087e-01 1.386291e-01
1.569591e-01 1.383811e-01
1.572098e-01 1.381298e-01
1.574610e-01 1.378753e-01
1.577126e-01 1.376179e-01
1.579645e-01 1.373577e-01
1.582169e-01 1.370947e-01
1.584697e-01 1.368294e-01
1.587228e-01 1.365617e-01
1.589764e-01 1.362918e-01
1.592304e-01 1.360200e-01
1.594848e-01 1.357464e-01
1.597396e-01 1.354712e-01
1.599948e-01 1.351945e-01
1.602504e-01 1.349166e-01
1.605064e-01 1.346375e-01
1.607629e-01 1.343575e-01
1.610197e-01 1.340767e-01
1.612770e-01 1.337953e-01
1.615346e-01 1.335135e-01
1.617927e-01 1.332314e-01
1.620512e-01 1.329493e-01
1.623101e-01 1.326672e-01
1.625694e-01 1.323854e-01
1.628291e-01 1.321040e-01
1.630893e-01 1.318232e-01
1.633498e-01 1.315431e-01
1.636108e-01 1.312640e-01
1.638722e-01 1.309859e-01
1.641340e-01 1.307091e-01
1.643962e-01 1.304336e-01
1.646589e-01 1.301597e-01
1.649219e-01 1.298875e-01
1.651854e-01 1.296172e-01
1.654493e-01 1.293488e-01
1.657137e-01 1.290826e-01
1.659784e-01 1.288188e-01
1.662436e-01 1.285573e-01
1.665092e-01 1.282984e-01
1.667752e-01 1.280423e-01
1.670416e-01 1.277889e-01
1.673085e-01 1.275386e-01
1.675758e-01 1.272914e-01
1.678435e-01 1.270473e-01
1.681117e-01 1.268067e-01
1.683803e-01 1.265695e-01
1.686493e-01 1.263359e-01
1.689187e-01 1.261060e-01
1.691886e-01 1.258799e-01
1.694589e-01 1.256577e-01
1.697296e-01 1.254395e-01
1.700008e-01 1.252254e-01
1.702724e-01 1.250155e-01
1.705444e-01 1.248098e-01
1.708169e-01 1.246086e-01
1.710898e-01 1.244118e-01
1.713631e-01 1.242195e-01
1.716369e-01 1.240318e-01
1.719111e-01 1.238487e-01
1.721858e-01 1.236704e-01
1.724609e-01 1.234968e-01
1.727364e-01 1.233281e-01
1.730124e-01 1.231643e-01
1.732888e-01 1.230054e-01
1.735656e-01 1.228515e-01
1.738429e-01 1.227026e-01
1.741207e-01 1.225587e-01
1.743989e-01 1.224199e-01
1.746775e-01 1.222862e-01
1.749565e-01 1.221576e-01
1.752361e-01 1.220341e-01
1.755160e-01 1.219157e-01
1.757964e-01 1.218025e-01
1.760773e-01 1.216945e-01
1.763586e-01 1.215915e-01
1.766404e-01 1.214938e-01
1.769226e-01 1.214011e-01
1.772052e-01 1.213135e-01
1.774883e-01 1.212310e-01
1.777719e-01 1.211536e-01
1.780559e-01 1.210812e-01
1.783404e-01 1.210138e-01
1.786253e-01 1.209513e-01
1.789107e-01 1.208938e-01
1.791965e-01 1.208411e-01
1.794828e-01 1.207933e-01
1.797696e-01 1.207502e-01
1.800568e-01 1.207119e-01
1.803444e-01 1.206781e-01
1.806326e-01 1.206490e-01
1.809211e-01 1.206244e-01
1.812102e-01 1.206043e-01
1.814997e-01 1.205885e-01
1.817897e-01 1.205770e-01
1.820801e-01 1.205697e-01
1.823710e-01 1.205665e-01
1.826624e-01 1.205674e-01
1.829542e-01 1.205723e-01
1.832465e-01 1.205810e-01
1.835392e-01 1.205934e-01
1.838325e-01 1.206096e-01
1.841262e-01 1.206292e-01
1.844203e-01 1.206524e-01
1.847150e-01 1.206789e-01
1.850101e-01 1.207086e-01
1.853057e-01 1.207415e-01
1.856017e-01 1.207774e-01
1.858982e-01 1.208162e-01
1.861952e-01 1.208579e-01
1.864927e-01 1.209022e-01
1.867907e-01 1.209490e-01
1.870891e-01 1.209983e-01
1.873880e-01 1.210499e-01
1.876874e-01 1.211038e-01
1.879872e-01 1.211597e-01
1.882876e-01 1.212176e-01
1.885884e-01 1.212773e-01
1.888897e-01 1.213387e-01
1.891914e-01 1.214017e-01
1.894937e-01 1.214661e-01
1.897964e-01 1.215320e-01
1.900997e-01 1.215990e-01
1.904034e-01 1.216671e-01
1.907076e-01 1.217362e-01
1.910123e-01 1.218061e-01
1.913174e-01 1.218768e-01
1.916231e-01 1.219480e-01
1.919292e-01 1.220197e-01
1.922359e-01 1.220918e-01
1.925430e-01 1.221642e-01
1.928506e-01 1.222366e-01
1.931587e-01 1.223091e-01
1.934673e-01 1.223815e-01
1.937764e-01 1.224536e-01
1.940860e-01 1.225254e-01
1.943961e-01 1.225968e-01
1.947066e-01 1.226676e-01
1.950177e-01 1.227378e-01
1.953293e-01 1.228072e-01
1.956413e-01 1.228758e-01
1.959539e-01 1.229434e-01
1.962670e-01 1.230100e-01
1.965805e-01 1.230754e-01
1.968946e-01 1.231396e-01
1.972092e-01 1.232024e-01
1.975242e-01 1.232639e-01
1.978398e-01 1.233238e-01
1.981559e-01 1.233822e-01
1.984725e-01 1.234389e-01
1.987895e-01 1.234940e-01
1.991071e-01 1.235472e-01
1.994252e-01 1.235985e-01
1.997438e-01 1.236480e-01
2.000630e-01 1.236954e-01
2.003826e-01 1.237409e-01
2.007027e-01 1.237842e-01
2.010234e-01 1.238254e-01
2.013445e-01 1.238643e-01
2.016662e-01 1.239011e-01
2.019884e-01 1.239356e-01
2.023111e-01 1.239677e-01
2.026343e-01 1.239975e-01
2.029581e-01 1.240250e-01
2.032823e-01 1.240500e-01
2.036071e-01 1.240726e-01
2.039324e-01 1.240928e-01
2.042582e-01 1.241105e-01
2.045845e-01 1.241258e-01
2.049114e-01 1.241386e-01
2.052387e-01 1.241489e-01
2.055666e-01 1.241567e-01
2.058951e-01 1.241620e-01
2.062240e-01 1.241649e-01
2.065535e-01 1.241653e-01
2.068835e-01 1.241633e-01
2.072140e-01 1.241588e-01
2.075451e-01 1.241519e-01
2.078766e-01 1.241426e-01
2.082088e-01 1.241309e-01
2.085414e-01 1.241169e-01
2.088746e-01 1.241006e-01
2.092083e-01 1.240820e-01
2.095425e-01 1.240612e-01
2.098773e-01 1.240381e-01
2.102126e-01 1.240130e-01
2.105484e-01 1.239857e-01
2.108848e-01 1.239563e-01
2.112217e-01 1.239249e-01
2.115592e-01 1.238916e-01
2.118972e-01 1.238563e-01
2.122357e-01 1.238192e-01
2.125748e-01 1.237803e-01
2.129144e-01 1.237396e-01
2.132546e-01 1.236973e-01
2.135953e-01 1.236534e-01
2.139365e-01 1.236079e-01
2.142783e-01 1.235610e-01
2.146207e-01 1.235126e-01
2.149635e-01 1.234629e-01
2.153070e-01 1.234120e-01
2.156510e-01 1.233598e-01
2.159955e-01 1.233065e-01
2.163406e-01 1.232522e-01
2.166862e-01 1.231968e-01
2.170324e-01 1.231406e-01
2.173791e-01 1.230835e-01
2.177264e-01 1.230257e-01
2.180743e-01 1.229672e-01
2.184227e-01 1.229081e-01
2.187716e-01 1.228484e-01
2.191212e-01 1.227883e-01
2.194712e-01 1.227278e-01
2.198219e-01 1.226670e-01
2.201731e-01 1.226060e-01
2.205248e-01 1.225448e-01
2.208771e-01 1.224835e-01
2.212300e-01 1.224222e-01
2.215835e-01 1.223609e-01
2.219375e-01 1.222998e-01
2.222920e-01 1.222388e-01
2.226472e-01 1.221781e-01
2.230029e-01 1.221177e-01
2.233592e-01 1.220578e-01
2.237160e-01 1.219982e-01
2.240734e-01 1.219392e-01
2.244314e-01 1.218807e-01
2.247900e-01 1.218229e-01
2.251491e-01 1.217658e-01
2.255088e-01 1.217094e-01
2.258691e-01 1.216538e-01
2.262300e-01 1.215990e-01
2.265914e-01 1.215451e-01
2.269534e-01 1.214922e-01
2.273160e-01 1.214402e-01
2.276792e-01 1.213893e-01
2.280429e-01 1.213394e-01
2.284073e-01 1.212907e-01
2.287722e-01 1.212430e-01
2.291377e-01 1.211966e-01
2.295037e-01 1.211513e-01
2.298704e-01 1.211073e-01
2.302376e-01 1.210645e-01
2.306055e-01 1.210229e-01
2.309739e-01 1.209827e-01
2.313429e-01 1.209438e-01
2.317125e-01 1.209062e-01
2.320827e-01 1.208700e-01
2.324535e-01 1.208351e-01
2.328249e-01 1.208016e-01
2.331968e-01 1.207694e-01
2.335694e-01 1.207386e-01
2.339426e-01 1.207092e-01
2.343163e-01 1.206811e-01
2.346907e-01 1.206545e-01
2.350656e-01 1.206291e-01
2.354412e-01 1.206052e-01
2.358173e-01 1.205826e-01
2.361941e-01 1.205613e-01
2.365714e-01 1.205413e-01
2.369494e-01 1.205227e-01
2.373279e-01 1.205053e-01
2.377071e-01 1.204892e-01
2.380869e-01 1.204743e-01
2.384673e-01 1.204607e-01
2.388482e-01 1.204482e-01
2.392298e-01 1.204369e-01
2.396120e-01 1.204268e-01
2.399948e-01 1.204178e-01
2.403783e-01 1.204098e-01
2.407623e-01 1.204030e-01
2.411470e-01 1.203971e-01
2.415322e-01 1.203922e-01
2.419181e-01 1.203882e-01
2.423046e-01 1.203852e-01
2.426917e-01 1.203830e-01
2.430795e-01 1.203817e-01
2.434678e-01 1.203812e-01
2.438568e-01 1.203814e-01
2.442464e-01 1.203823e-01
2.446366e-01 1.203839e-01
2.450274e-01 1.203861e-01
2.454189e-01 1.203890e-01
2.458110e-01 1.203924e-01
2.462037e-01 1.203963e-01
2.465971e-01 1.204006e-01
2.469910e-01 1.204054e-01
2.473856e-01 1.204106e-01
2.477809e-01 1.204162e-01
2.481767e-01 1.204220e-01
2.485732e-01 1.204281e-01
2.489703e-01 1.204345e-01
2.493681e-01 1.204410e-01
2.497665e-01 1.204477e-01
2.501655e-01 1.204545e-01
2.505652e-01 1.204614e-01
2.509655e-01 1.204683e-01
2.513665e-01 1.204752e-01
2.517681e-01 1.204821e-01
2.521703e-01 1.204890e-01
2.525732e-01 1.204957e-01
2.529767e-01 1.205023e-01
2.533809e-01 1.205088e-01
2.537857e-01 1.205151e-01
2.541911e-01 1.205212e-01
2.545972e-01 1.205270e-01
2.550040e-01 1.205326e-01
2.554114e-01 1.205380e-01
2.558195e-01 1.205430e-01
2.562282e-01 1.205477e-01
2.566375e-01 1.205520e-01
2.570475e-01 1.205560e-01
2.574582e-01 1.205596e-01
2.578695e-01 1.205629e-01
2.582815e-01 1.205657e-01
2.586942e-01 1.205681e-01
2.591075e-01 1.205701e-01
2.595214e-01 1.205716e-01
2.599360e-01 1.205728e-01
2.603513e-01 1.205734e-01
2.607673e-01 1.205736e-01
2.611839e-01 1.205734e-01
2.616012e-01 1.205727e-01
2.620191e-01 1.205715e-01
2.624377e-01 1.205699e-01
2.628570e-01 1.205679e-01
2.632769e-01 1.205654e-01
2.636976e-01 1.205624e-01
2.641189e-01 1.205590e-01
2.645408e-01 1.205552e-01
2.649635e-01 1.205509e-01
2.653868e-01 1.205462e-01
2.658108e-01 1.205411e-01
2.662354e-01 1.205357e-01
2.666608e-01 1.205298e-01
2.670868e-01 1.205236e-01
2.675135e-01 1.205170e-01
2.679409e-01 1.205101e-01
2.683690e-01 1.205028e-01
2.687977e-01 1.204952e-01
2.692272e-01 1.204874e-01
2.696573e-01 1.204792e-01
2.700881e-01 1.204708e-01
2.705196e-01 1.204622e-01
2.709518e-01 1.204533e-01
2.713847e-01 1.204442e-01
2.718183e-01 1.204349e-01
2.722525e-01 1.204254e-01
2.726875e-01 1.204158e-01
2.731232e-01 1.204061e-01
2.735595e-01 1.203962e-01
2.739966e-01 1.203862e-01
2.744343e-01 1.203762e-01
2.748728e-01 1.203661e-01
2.753119e-01 1.203559e-01
2.757518e-01 1.203457e-01
2.761923e-01 1.203355e-01
2.766336e-01 1.203253e-01
2.770755e-01 1.203152e-01
2.775182e-01 1.203050e-01
2.779616e-01 1.202950e-01
2.784056e-01 1.202850e-01
2.788504e-01 1.202751e-01
2.792959e-01 1.202653e-01
2.797421e-01 1.202556e-01
2.801891e-01 1.202460e-01
2.806367e-01 1.202366e-01
2.810851e-01 1.202273e-01
2.815341e-01 1.202182e-01
2.819839e-01 1.202092e-01
2.824344e-01 1.202005e-01
2.828857e-01 1.201919e-01
2.833376e-01 1.201835e-01
2.837903e-01 1.201754e-01
2.842437e-01 1.201674e-01
2.846978e-01 1.201597e-01
2.851526e-01 1.201522e-01
2.856082e-01 1.201449e-01
2.860645e-01 1.201379e-01
2.865215e-01 1.201311e-01
2.869793e-01 1.201245e-01
2.874378e-01 1.201182e-01
2.878970e-01 1.201121e-01
2.883570e-01 1.201063e-01
2.888177e-01 1.201007e-01
2.892791e-01 1.200954e-01
2.897412e-01 1.200903e-01
2.902041e-01 1.200854e-01
2.906678e-01 1.200808e-01
2.911322e-01 1.200764e-01
2.915973e-01 1.200722e-01
2.920632e-01 1.200683e-01
2.925298e-01 1.200646e-01
2.929971e-01 1.200611e-01
2.934652e-01 1.200578e-01
2.939341e-01 1.200548e-01
2.944037e-01 1.200519e-01
2.948740e-01 1.200493e-01
2.953451e-01 1.200468e-01
2.958170e-01 1.200446e-01
2.962896e-01 1.200425e-01
2.967630e-01 1.200406e-01
2.972371e-01 1.200388e-01
2.977120e-01 1.200373e-01
2.981876e-01 1.200358e-01
2.986640e-01 1.200346e-01
2.991411e-01 1.200335e-01
2.996191e-01 1.200325e-01
3.000977e-01 1.200317e-01
3.005772e-01 1.200310e-01
3.010574e-01 1.200304e-01
3.015384e-01 1.200299e-01
3.020201e-01 1.200296e-01
3.025027e-01 1.200293e-01
3.029859e-01 1.200292e-01
3.034700e-01 1.200291e-01
3.039548e-01 1.200292e-01
3.044405e-01 1.200293e-01
3.049268e-01 1.200295e-01
3.054140e-01 1.200298e-01
3.059019e-01 1.200302e-01
3.063907e-01 1.200307e-01
3.068802e-01 1.200312e-01
3.073704e-01 1.200318e-01
3.078615e-01 1.200325e-01
3.083534e-01 1.200332e-01
3.088460e-01 1.200340e-01
3.093394e-01 1.200348e-01
3.098336e-01 1.200357e-01
3.103286e-01 1.200367e-01
3.108244e-01 1.200378e-01
3.113210e-01 1.200388e-01
3.118184e-01 1.200400e-01
3.123166e-01 1.200412e-01
3.128155e-01 1.200425e-01
3.133153e-01 1.200438e-01
3.138159e-01 1.200452e-01
3.143172e-01 1.200466e-01
3.148194e-01 1.200481e-01
3.153224e-01 1.200497e-01
3.158261e-01 1.200513e-01
3.163307e-01 1.200529e-01
3.168361e-01 1.200547e-01
3.173423e-01 1.200565e-01
3.178493e-01 1.200583e-01
3.183571e-01 1.200602e-01
3.188657e-01 1.200622e-01
3.193751e-01 1.200642e-01
3.198854e-01 1.200663e-01
3.203964e-01 1.200685e-01
3.209083e-01 1.200707e-01
3.214210e-01 1.200729e-01
3.219345e-01 1.200752e-01
3.224489e-01 1.200776e-01
3.229640e-01 1.200800e-01
3.234800e-01 1.200825e-01
3.239968e-01 1.200850e-01
3.245144e-01 1.200876e-01
3.250329e-01 1.200902e-01
3.255522e-01 1.200928e-01
3.260723e-01 1.200955e-01
3.265932e-01 1.200982e-01
3.271150e-01 1.201010e-01
3.276376e-01 1.201037e-01
3.281611e-01 1.201065e-01
3.286854e-01 1.201093e-01
3.292105e-01 1.201121e-01
3.297364e-01 1.201149e-01
3.302632e-01 1.201177e-01
3.307909e-01 1.201205e-01
3.313194e-01 1.201232e-01
3.318487e-01 1.201260e-01
3.323789e-01 1.201287e-01
3.329099e-01 1.201313e-01
3.334417e-01 1.201340e-01
3.339745e-01 1.201365e-01
3.345080e-01 1.201390e-01
3.350425e-01 1.201415e-01
3.355777e-01 1.201439e-01
3.361139e-01 1.201461e-01
3.366509e-01 1.201483e-01
3.371887e-01 1.201504e-01
3.377274e-01 1.201524e-01
3.382670e-01 1.201543e-01
3.388074e-01 1.201560e-01
3.393487e-01 1.201576e-01
3.398908e-01 1.201591e-01
3.404339e-01 1.201605e-01
3.409778e-01 1.201617e-01
3.415225e-01 1.201627e-01
3.420681e-01 1.201636e-01
3.426147e-01 1.201643e-01
3.431620e-01 1.201649e-01
3.437103e-01 1.201652e-01
3.442594e-01 1.201654e-01
3.448094e-01 1.201654e-01
3.453603e-01 1.201653e-01
3.459120e-01 1.201649e-01
3.464647e-01 1.201644e-01
3.470182e-01 1.201637e-01
3.475726e-01 1.201628e-01
3.481279e-01 1.201617e-01
3.486841e-01 1.201604e-01
3.492412e-01 1.201589e-01
3.497991e-01 1.201573e-01
3.503580e-01 1.201554e-01
3.509177e-01 1.201534e-01
3.514784e-01 1.201512e-01
3.520399e-01 1.201489e-01
3.526023e-01 1.201464e-01
3.531657e-01 1.201438e-01
3.537299e-01 1.201410e-01
3.542950e-01 1.201380e-01
3.548611e-01 1.201350e-01
3.554280e-01 1.201318e-01
3.559958e-01 1.201285e-01
3.565646e-01 1.201251e-01
3.571343e-01 1.201216e-01
3.577048e-01 1.201181e-01
3.582763e-01 1.201145e-01
3.588487e-01 1.201108e-01
3.594220e-01 1.201071e-01
3.599962e-01 1.201033e-01
3.605714e-01 1.200996e-01
3.611474e-01 1.200958e-01
3.617244e-01 1.200920e-01
3.623023e-01 1.200883e-01
3.628812e-01 1.200846e-01
3.634609e-01 1.200810e-01
3.640416e-01 1.200774e-01
3.646232e-01 1.200739e-01
3.652057e-01 1.200705e-01
3.657892e-01 1.200672e-01
3.663736e-01 1.200640e-01
3.669589e-01 1.200610e-01
3.675452e-01 1.200581e-01
3.681324e-01 1.200553e-01
3.687205e-01 1.200527e-01
3.693096e-01 1.200503e-01
3.698997e-01 1.200481e-01
3.704906e-01 1.200461e-01
3.710825e-01 1.200443e-01
3.716754e-01 1.200427e-01
3.722692e-01 1.200413e-01
3.728639e-01 1.200401e-01
3.734596e-01 1.200392e-01
3.740563e-01 1.200386e-01
3.746539e-01 1.200381e-01
3.752525e-01 1.200380e-01
3.758520e-01 1.200381e-01
3.764525e-01 1.200384e-01
3.770539e-01 1.200390e-01
3.776563e-01 1.200398e-01
3.782596e-01 1.200409e-01
3.788640e-01 1.200423e-01
3.794692e-01 1.200439e-01
3.800755e-01 1.200457e-01
3.806827e-01 1.200478e-01
3.812909e-01 1.200501e-01
3.819001e-01 1.200527e-01
3.825102e-01 1.200555e-01
3.831213e-01 1.200585e-01
3.837334e-01 1.200617e-01
3.843465e-01 1.200651e-01
3.849605e-01 1.200687e-01
3.855756e-01 1.200724e-01
3.861916e-01 1.200764e-01
3.868086e-01 1.200805e-01
3.874265e-01 1.200847e-01
3.880455e-01 1.200890e-01
3.886655e-01 1.200935e-01
3.892864e-01 1.200981e-01
3.899084e-01 1.201027e-01
3.905313e-01 1.201075e-01
3.911552e-01 1.201122e-01
3.917801e-01 1.201171e-01
3.924061e-01 1.201219e-01
3.930330e-01 1.201268e-01
3.936609e-01 1.201317e-01
3.942898e-01 1.201366e-01
3.949198e-01 1.201414e-01
3.955507e-01 1.201462e-01
3.961827e-01 1.201509e-01
3.968156e-01 1.201556e-01
3.974496e-01 1.201602e-01
3.980846e-01 1.201647e-01
3.987206e-01 1.201691e-01
3.993576e-01 1.201734e-01
3.999956e-01 1.201776e-01
4.006346e-01 1.201816e-01
4.012747e-01 1.201854e-01
4.019158e-01 1.201892e-01
4.025579e-01 1.201927e-01
4.032011e-01 1.201961e-01
4.038452e-01 1.201993e-01
4.044904e-01 1.202024e-01
4.051367e-01 1.202052e-01
4.057839e-01 1.202079e-01
4.064322e-01 1.202104e-01
4.070815e-01 1.202127e-01
4.077319e-01 1.202147e-01
4.083833e-01 1.202166e-01
4.090358e-01 1.202183e-01
4.096893e-01 1.202198e-01
4.103438e-01 1.202212e-01
4.109994e-01 1.202223e-01
4.116560e-01 1.202232e-01
4.123137e-01 1.202240e-01
4.129724e-01 1.202246e-01
4.136322e-01 1.202250e-01
4.142930e-01 1.202252e-01
4.149549e-01 1.202253e-01
4.156179e-01 1.202252e-01
4.162819e-01 1.202250e-01
4.169469e-01 1.202246e-01
4.176131e-01 1.202242e-01
4.182803e-01 1.202236e-01
4.189485e-01 1.202228e-01
4.196178e-01 1.202220e-01
4.202882e-01 1.202211e-01
4.209597e-01 1.202201e-01
4.216323e-01 1.202190e-01
4.223059e-01 1.202178e-01
4.229806e-01 1.202166e-01
4.236563e-01 1.202153e-01
4.243332e-01 1.202140e-01
4.250111e-01 1.202126e-01
4.256901e-01 1.202112e-01
4.263702e-01 1.202098e-01
4.270514e-01 1.202084e-01
4.277337e-01 1.202069e-01
4.284170e-01 1.202055e-01
4.291015e-01 1.202040e-01
4.297870e-01 1.202026e-01
4.304737e-01 1.202012e-01
4.311614e-01 1.201998e-01
4.318503e-01 1.201984e-01
4.325402e-01 1.201970e-01
4.332313e-01 1.201957e-01
4.339234e-01 1.201943e-01
4.346167e-01 1.201930e-01
4.353110e-01 1.201918e-01
4.360065e-01 1.201905e-01
4.367031e-01 1.201893e-01
4.374008e-01 1.201882e-01
4.380996e-01 1.201870e-01
4.387995e-01 1.201859e-01
4.395005e-01 1.201848e-01
4.402027e-01 1.201837e-01
4.409060e-01 1.201827e-01
4.416104e-01 1.201816e-01
4.423159e-01 1.201806e-01
4.430226e-01 1.201795e-01
4.437304e-01 1.201785e-01
4.444393e-01 1.201775e-01
4.451493e-01 1.201765e-01
4.458605e-01 1.201755e-01
4.465729e-01 1.201744e-01
4.472863e-01 1.201734e-01
4.480009e-01 1.201723e-01
4.487167e-01 1.201712e-01
4.494335e-01 1.201701e-01
4.501516e-01 1.201690e-01
4.508708e-01 1.201678e-01
4.515911e-01 1.201666e-01
4.523126e-01 1.201653e-01
4.530352e-01 1.201641e-01
4.537590e-01 1.201627e-01
4.544839e-01 1.201613e-01
4.552100e-01 1.201599e-01
4.559373e-01 1.201585e-01
4.566657e-01 1.201570e-01
4.573953e-01 1.201554e-01
4.581260e-01 1.201538e-01
4.588580e-01 1.201522e-01
4.595911e-01 1.201505e-01
4.603253e-01 1.201488e-01
4.610607e-01 1.201470e-01
4.617974e-01 1.201452e-01
4.625351e-01 1.201434e-01
4.632741e-01 1.201415e-01
4.640142e-01 1.201397e-01
4.647556e-01 1.201378e-01
4.654981e-01 1.201359e-01
4.662418e-01 1.201340e-01
4.669867e-01 1.201321e-01
4.677327e-01 1.201302e-01
4.684800e-01 1.201283e-01
4.692285e-01 1.201264e-01
4.699781e-01 1.201245e-01
4.707290e-01 1.201227e-01
4.714810e-01 1.201209e-01
4.722343e-01 1.201192e-01
4.729888e-01 1.201175e-01
4.737444e-01 1.201158e-01
4.745013e-01 1.201142e-01
4.752594e-01 1.201127e-01
4.760187e-01 1.201113e-01
4.767792e-01 1.201099e-01
4.775409e-01 1.201086e-01
4.783038e-01 1.201074e-01
4.790680e-01 1.201063e-01
4.798334e-01 1.201053e-01
4.806000e-01 1.201044e-01
4.813678e-01 1.201036e-01
4.821368e-01 1.201029e-01
4.829071e-01 1.201023e-01
4.836786e-01 1.201019e-01
4.844514e-01 1.201015e-01
4.852253e-01 1.201013e-01
4.860006e-01 1.201011e-01
4.867770e-01 1.201011e-01
4.875547e-01 1.201012e-01
4.883336e-01 1.201014e-01
4.891138e-01 1.201018e-01
4.898952e-01 1.201022e-01
4.906779e-01 1.201027e-01
4.914619e-01 1.201034e-01
4.922470e-01 1.201041e-01
4.930335e-01 1.201050e-01
4.938211e-01 1.201059e-01
4.946101e-01 1.201069e-01
4.954003e-01 1.201080e-01
4.961918e-01 1.201092e-01
4.969845e-01 1.201104e-01
4.977785e-01 1.201117e-01
4.985738e-01 1.201131e-01
4.993703e-01 1.201145e-01
5.001681e-01 1.201160e-01
5.009672e-01 1.201175e-01
5.017676e-01 1.201190e-01
5.025692e-01 1.201205e-01
5.033722e-01 1.201221e-01
5.041764e-01 1.201237e-01
5.049818e-01 1.201252e-01
5.057886e-01 1.201268e-01
5.065967e-01 1.201283e-01
5.074061e-01 1.201299e-01
5.082167e-01 1.201314e-01
5.090286e-01 1.201328e-01
5.098419e-01 1.201343e-01
5.106564e-01 1.201357e-01
5.114723e-01 1.201370e-01
5.122894e-01 1.201383e-01
5.131079e-01 1.201395e-01
5.139276e-01 1.201406e-01
5.147487e-01 1.201417e-01
5.155711e-01 1.201426e-01
5.163948e-01 1.201435e-01
5.172198e-01 1.201444e-01
5.180461e-01 1.201451e-01
5.188738e-01 1.201457e-01
5.197027e-01 1.201462e-01
5.205330e-01 1.201466e-01
5.213647e-01 1.201469e-01
5.221976e-01 1.201471e-01
5.230319e-01 1.201472e-01
5.238675e-01 1.201472e-01
5.247045e-01 1.201470e-01
5.255428e-01 1.201467e-01
5.263824e-01 1.201463e-01
5.272234e-01 1.201458e-01
5.280657e-01 1.201452e-01
5.289093e-01 1.201444e-01
5.297543e-01 1.201435e-01
5.306007e-01 1.201425e-01
5.314484e-01 1.201413e-01
5.322975e-01 1.201401e-01
5.331479e-01 1.201387e-01
5.339996e-01 1.201371e-01
5.348528e-01 1.201355e-01
5.357073e-01 1.201337e-01
5.365632e-01 1.201318e-01
5.374204e-01 1.201298e-01
5.382790e-01 1.201276e-01
5.391390e-01 1.201254e-01
5.400003e-01 1.201230e-01
5.408630e-01 1.201205e-01
5.417271e-01 1.201179e-01
5.425926e-01 1.201152e-01
5.434595e-01 1.201124e-01
5.443277e-01 1.201096e-01
5.451974e-01 1.201066e-01
5.460684e-01 1.201035e-01
5.469408e-01 1.201004e-01
5.478146e-01 1.200972e-01
5.486898e-01 1.200939e-01
5.495665e-01 1.200906e-01
5.504445e-01 1.200872e-01
5.513239e-01 1.200838e-01
5.522047e-01 1.200803e-01
5.530869e-01 1.200768e-01
5.539705e-01 1.200733e-01
5.548556e-01 1.200698e-01
5.557420e-01 1.200663e-01
5.566299e-01 1.200628e-01
5.575192e-01 1.200594e-01
5.584099e-01 1.200559e-01
5.593021e-01 1.200525e-01
5.601956e-01 1.200492e-01
5.610906e-01 1.200459e-01
5.619870e-01 1.200427e-01
5.628849e-01 1.200396e-01
5.637842e-01 1.200366e-01
5.646849e-01 1.200336e-01
5.655871e-01 1.200308e-01
5.664907e-01 1.200281e-01
5.673957e-01 1.200256e-01
5.683022e-01 1.200232e-01
5.692101e-01 1.200209e-01
5.701195e-01 1.200188e-01
5.710304e-01 1.200168e-01
5.719427e-01 1.200150e-01
5.728564e-01 1.200134e-01
5.737717e-01 1.200120e-01
5.746883e-01 1.200107e-01
5.756065e-01 1.200096e-01
5.765261e-01 1.200087e-01
5.774472e-01 1.200080e-01
5.783697e-01 1.200075e-01
5.792937e-01 1.200072e-01
5.802192e-01 1.200070e-01
5.811462e-01 1.200071e-01
5.820747e-01 1.200073e-01
5.830046e-01 1.200077e-01
5.839361e-01 1.200082e-01
5.848690e-01 1.200090e-01
5.858034e-01 1.200099e-01
5.867393e-01 1.200109e-01
5.876767e-01 1.200121e-01
5.886156e-01 1.200134e-01
5.895560e-01 1.200148e-01
5.904979e-01 1.200164e-01
5.914413e-01 1.200180e-01
5.923862e-01 1.200198e-01
5.933326e-01 1.200216e-01
5.942805e-01 1.200235e-01
5.952300e-01 1.200255e-01
5.961809e-01 1.200275e-01
5.971334e-01 1.200295e-01
5.980874e-01 1.200316e-01
5.990429e-01 1.200337e-01
6.000000e-01 1.200358e-01
