q  I(q)
1.200000e-02 7.527286e+00
1.201126e-02 7.521699e+00
1.202254e-02 7.516105e+00
1.203382e-02 7.510506e+00
1.204511e-02 7.504903e+00
1.205642e-02 7.499295e+00
1.206773e-02 7.493682e+00
1.207906e-02 7.488063e+00
1.209040e-02 7.482439e+00
1.210175e-02 7.476810e+00
1.211310e-02 7.471177e+00
1.212447e-02 7.465538e+00
1.213585e-02 7.459894e+00
1.214724e-02 7.454245e+00
1.215864e-02 7.448591e+00
1.217005e-02 7.442932e+00
1.218148e-02 7.437268e+00
1.219291e-02 7.431599e+00
1.220435e-02 7.425925e+00
1.221581e-02 7.420246e+00
1.222727e-02 7.414562e+00
1.223875e-02 7.408873e+00
1.225024e-02 7.403178e+00
1.226173e-02 7.397480e+00
1.227324e-02 7.391776e+00
1.228476e-02 7.386067e+00
1.229629e-02 7.380353e+00
1.230783e-02 7.374634e+00
1.231938e-02 7.368910e+00
1.233095e-02 7.363181e+00
1.234252e-02 7.357448e+00
1.235410e-02 7.351710e+00
1.236570e-02 7.345967e+00
1.237730e-02 7.340217e+00
1.238892e-02 7.334464e+00
1.240055e-02 7.328706e+00
1.241219e-02 7.322943e+00
1.242384e-02 7.317175e+00
1.243550e-02 7.311402e+00
1.244717e-02 7.305624e+00
1.245885e-02 7.299842e+00
1.247054e-02 7.294054e+00
1.248225e-02 7.288261e+00
1.249396e-02 7.282465e+00
1.250569e-02 7.276663e+00
1.251743e-02 7.270857e+00
1.252918e-02 7.265045e+00
1.254094e-02 7.259229e+00
1.255271e-02 7.253407e+00
1.256449e-02 7.247582e+00
1.257628e-02 7.241752e+00
1.258808e-02 7.235915e+00
1.259990e-02 7.230076e+00
1.261172e-02 7.224229e+00
1.262356e-02 7.218380e+00
1.263541e-02 7.212526e+00
1.264727e-02 7.206667e+00
1.265914e-02 7.200803e+00
1.267102e-02 7.194934e+00
1.268291e-02 7.189061e+00
1.269481e-02 7.183184e+00
1.270673e-02 7.177300e+00
1.271866e-02 7.171413e+00
1.273059e-02 7.165520e+00
1.274254e-02 7.159624e+00
1.275450e-02 7.153723e+00
1.276647e-02 7.147816e+00
1.277845e-02 7.141906e+00
1.279045e-02 7.135990e+00
1.280245e-02 7.130070e+00
1.281447e-02 7.124146e+00
1.282649e-02 7.118218e+00
1.283853e-02 7.112284e+00
1.285058e-02 7.106346e+00
1.286264e-02 7.100403e+00
1.287472e-02 7.094456e+00
1.288680e-02 7.088504e+00
1.289889e-02 7.082548e+00
1.291100e-02 7.076587e+00
1.292312e-02 7.070620e+00
1.293525e-02 7.064650e+00
1.294739e-02 7.058676e+00
1.295954e-02 7.052697e+00
1.297170e-02 7.046714e+00
1.298388e-02 7.040726e+00
1.299606e-02 7.034733e+00
1.300826e-02 7.028737e+00
1.302047e-02 7.022736e+00
1.303269e-02 7.016731e+00
1.304492e-02 7.010719e+00
1.305717e-02 7.004705e+00
1.306942e-02 6.998686e+00
1.308169e-02 6.992662e+00
1.309397e-02 6.986635e+00
1.310625e-02 6.980603e+00
1.311856e-02 6.974567e+00
1.313087e-02 6.968527e+00
1.314319e-02 6.962481e+00
1.315553e-02 6.956431e+00
1.316788e-02 6.950377e+00
1.318023e-02 6.944320e+00
1.319260e-02 6.938257e+00
1.320499e-02 6.932190e+00
1.321738e-02 6.926119e+00
1.322979e-02 6.920044e+00
1.324220e-02 6.913964e+00
1.325463e-02 6.907881e+00
1.326707e-02 6.901793e+00
1.327952e-02 6.895700e+00
1.329199e-02 6.889604e+00
1.330446e-02 6.883503e+00
1.331695e-02 6.877399e+00
1.332945e-02 6.871290e+00
1.334196e-02 6.865176e+00
1.335448e-02 6.859059e+00
1.336701e-02 6.852938e+00
1.337956e-02 6.846812e+00
1.339212e-02 6.840682e+00
1.340469e-02 6.834549e+00
1.341727e-02 6.828411e+00
1.342986e-02 6.822269e+00
1.344246e-02 6.816123e+00
1.345508e-02 6.809973e+00
1.346771e-02 6.803818e+00
1.348035e-02 6.797661e+00
1.349300e-02 6.791498e+00
1.350567e-02 6.785333e+00
1.351834e-02 6.779163e+00
1.353103e-02 6.772987e+00
1.354373e-02 6.766810e+00
1.355644e-02 6.760627e+00
1.356916e-02 6.754441e+00
1.358190e-02 6.748251e+00
1.359465e-02 6.742058e+00
1.360741e-02 6.735860e+00
1.362018e-02 6.729658e+00
1.363296e-02 6.723453e+00
1.364576e-02 6.717244e+00
1.365856e-02 6.711030e+00
1.367138e-02 6.704813e+00
1.368421e-02 6.698592e+00
1.369706e-02 6.692366e+00
1.370991e-02 6.686138e+00
1.372278e-02 6.679906e+00
1.373566e-02 6.673669e+00
1.374855e-02 6.667429e+00
1.376146e-02 6.661186e+00
1.377437e-02 6.654938e+00
1.378730e-02 6.648688e+00
1.380024e-02 6.642432e+00
1.381319e-02 6.636174e+00
1.382616e-02 6.629911e+00
1.383913e-02 6.623645e+00
1.385212e-02 6.617376e+00
1.386512e-02 6.611102e+00
1.387814e-02 6.604825e+00
1.389116e-02 6.598545e+00
1.390420e-02 6.592261e+00
1.391725e-02 6.585972e+00
1.393031e-02 6.579682e+00
1.394339e-02 6.573387e+00
1.395647e-02 6.567088e+00
1.396957e-02 6.560786e+00
1.398268e-02 6.554481e+00
1.399581e-02 6.548172e+00
1.400894e-02 6.541859e+00
1.402209e-02 6.535542e+00
1.403525e-02 6.529223e+00
1.404842e-02 6.522901e+00
1.406161e-02 6.516575e+00
1.407481e-02 6.510245e+00
1.408802e-02 6.503912e+00
1.410124e-02 6.497575e+00
1.411447e-02 6.491235e+00
1.412772e-02 6.484892e+00
1.414098e-02 6.478545e+00
1.415425e-02 6.472195e+00
1.416754e-02 6.465842e+00
1.418083e-02 6.459485e+00
1.419414e-02 6.453126e+00
1.420747e-02 6.446763e+00
1.422080e-02 6.440396e+00
1.423415e-02 6.434026e+00
1.424751e-02 6.427654e+00
1.426088e-02 6.421278e+00
1.427426e-02 6.414898e+00
1.428766e-02 6.408515e+00
1.430107e-02 6.402130e+00
1.431449e-02 6.395742e+00
1.432793e-02 6.389350e+00
1.434138e-02 6.382955e+00
1.435484e-02 6.376557e+00
1.436831e-02 6.370156e+00
1.438179e-02 6.363751e+00
1.439529e-02 6.357344e+00
1.440880e-02 6.350934e+00
1.442233e-02 6.344521e+00
1.443586e-02 6.338104e+00
1.444941e-02 6.331685e+00
1.446297e-02 6.325263e+00
1.447655e-02 6.318838e+00
1.449013e-02 6.312409e+00
1.450373e-02 6.305979e+00
1.451735e-02 6.299545e+00
1.453097e-02 6.293108e+00
1.454461e-02 6.286668e+00
1.455826e-02 6.280225e+00
1.457192e-02 6.273780e+00
1.458560e-02 6.267332e+00
1.459929e-02 6.260881e+00
1.461299e-02 6.254427e+00
1.462671e-02 6.247970e+00
1.464044e-02 6.241511e+00
1.465418e-02 6.235049e+00
1.466793e-02 6.228584e+00
1.468170e-02 6.222116e+00
1.469548e-02 6.215646e+00
1.470927e-02 6.209174e+00
1.472308e-02 6.202697e+00
1.473689e-02 6.196220e+00
1.475072e-02 6.189739e+00
1.476457e-02 6.183256e+00
1.477843e-02 6.176771e+00
1.479230e-02 6.170282e+00
1.480618e-02 6.163791e+00
1.482008e-02 6.157297e+00
1.483399e-02 6.150800e+00
1.484791e-02 6.144303e+00
1.486184e-02 6.137801e+00
1.487579e-02 6.131298e+00
1.488976e-02 6.124792e+00
1.490373e-02 6.118284e+00
1.491772e-02 6.111773e+00
1.493172e-02 6.105261e+00
1.494573e-02 6.098745e+00
1.495976e-02 6.092228e+00
1.497380e-02 6.085707e+00
1.498786e-02 6.079185e+00
1.500192e-02 6.072661e+00
1.501600e-02 6.066134e+00
1.503010e-02 6.059605e+00
1.504420e-02 6.053073e+00
1.505832e-02 6.046540e+00
1.507245e-02 6.040004e+00
1.508660e-02 6.033466e+00
1.510076e-02 6.026927e+00
1.511493e-02 6.020384e+00
1.512912e-02 6.013840e+00
1.514332e-02 6.007293e+00
1.515753e-02 6.000745e+00
1.517176e-02 5.994194e+00
1.518600e-02 5.987641e+00
1.520025e-02 5.981087e+00
1.521452e-02 5.974530e+00
1.522880e-02 5.967972e+00
1.524309e-02 5.961411e+00
1.525740e-02 5.954849e+00
1.527172e-02 5.948284e+00
1.528605e-02 5.941718e+00
1.530040e-02 5.935150e+00
1.531476e-02 5.928581e+00
1.532913e-02 5.922008e+00
1.534352e-02 5.915435e+00
1.535792e-02 5.908859e+00
1.537233e-02 5.902282e+00
1.538676e-02 5.895703e+00
1.540120e-02 5.889122e+00
1.541566e-02 5.882540e+00
1.543013e-02 5.875956e+00
1.544461e-02 5.869370e+00
1.545910e-02 5.862782e+00
1.547361e-02 5.856194e+00
1.548814e-02 5.849603e+00
1.550267e-02 5.843010e+00
1.551722e-02 5.836417e+00
1.553179e-02 5.829821e+00
1.554636e-02 5.823224e+00
1.556095e-02 5.816625e+00
1.557556e-02 5.810025e+00
1.559018e-02 5.803424e+00
1.560481e-02 5.796821e+00
1.561946e-02 5.790217e+00
1.563412e-02 5.783612e+00
1.564879e-02 5.777004e+00
1.566348e-02 5.770396e+00
1.567818e-02 5.763785e+00
1.569289e-02 5.757175e+00
1.570762e-02 5.750562e+00
1.572236e-02 5.743948e+00
1.573712e-02 5.737333e+00
1.575189e-02 5.730717e+00
1.576667e-02 5.724101e+00
1.578147e-02 5.717482e+00
1.579628e-02 5.710862e+00
1.581111e-02 5.704241e+00
1.582595e-02 5.697619e+00
1.584080e-02 5.690996e+00
1.585567e-02 5.684372e+00
1.587055e-02 5.677746e+00
1.588545e-02 5.671120e+00
1.590036e-02 5.664493e+00
1.591528e-02 5.657864e+00
1.593022e-02 5.651235e+00
1.594517e-02 5.644606e+00
1.596013e-02 5.637974e+00
1.597511e-02 5.631342e+00
1.599011e-02 5.624709e+00
1.600511e-02 5.618075e+00
1.602014e-02 5.611441e+00
1.603517e-02 5.604804e+00
1.605022e-02 5.598169e+00
1.606529e-02 5.591532e+00
1.608036e-02 5.584894e+00
1.609546e-02 5.578256e+00
1.611056e-02 5.571616e+00
1.612568e-02 5.564977e+00
1.614082e-02 5.558337e+00
1.615597e-02 5.551695e+00
1.617113e-02 5.545054e+00
1.618631e-02 5.538412e+00
1.620150e-02 5.531769e+00
1.621671e-02 5.525125e+00
1.623193e-02 5.518481e+00
1.624716e-02 5.511837e+00
1.626241e-02 5.505192e+00
1.627767e-02 5.498547e+00
1.629295e-02 5.491901e+00
1.630824e-02 5.485255e+00
1.632355e-02 5.478609e+00
1.633887e-02 5.471961e+00
1.635420e-02 5.465314e+00
1.636955e-02 5.458667e+00
1.638492e-02 5.452019e+00
1.640030e-02 5.445371e+00
1.641569e-02 5.438723e+00
1.643110e-02 5.432075e+00
1.644652e-02 5.425425e+00
1.646195e-02 5.418777e+00
1.647740e-02 5.412128e+00
1.649287e-02 5.405479e+00
1.650835e-02 5.398830e+00
1.652384e-02 5.392182e+00
1.653935e-02 5.385532e+00
1.655487e-02 5.378883e+00
1.657041e-02 5.372233e+00
1.658596e-02 5.365585e+00
1.660153e-02 5.358935e+00
1.661711e-02 5.352286e+00
1.663271e-02 5.345638e+00
1.664832e-02 5.338989e+00
1.666394e-02 5.332339e+00
1.667958e-02 5.325691e+00
1.669524e-02 5.319043e+00
1.671091e-02 5.312395e+00
1.672659e-02 5.305747e+00
1.674229e-02 5.299100e+00
1.675800e-02 5.292453e+00
1.677373e-02 5.285807e+00
1.678948e-02 5.279160e+00
1.680523e-02 5.272514e+00
1.682101e-02 5.265869e+00
1.683679e-02 5.259223e+00
1.685260e-02 5.252578e+00
1.686841e-02 5.245933e+00
1.688425e-02 5.239290e+00
1.690009e-02 5.232647e+00
1.691595e-02 5.226003e+00
1.693183e-02 5.219362e+00
1.694772e-02 5.212720e+00
1.696363e-02 5.206079e+00
1.697955e-02 5.199439e+00
1.699549e-02 5.192800e+00
1.701144e-02 5.186160e+00
1.702740e-02 5.179522e+00
1.704338e-02 5.172885e+00
1.705938e-02 5.166249e+00
1.707539e-02 5.159613e+00
1.709142e-02 5.152978e+00
1.710746e-02 5.146344e+00
1.712352e-02 5.139710e+00
1.713959e-02 5.133078e+00
1.715567e-02 5.126447e+00
1.717178e-02 5.119817e+00
1.718789e-02 5.113188e+00
1.720402e-02 5.106559e+00
1.722017e-02 5.099931e+00
1.723633e-02 5.093305e+00
1.725251e-02 5.086680e+00
1.726870e-02 5.080056e+00
1.728491e-02 5.073433e+00
1.730113e-02 5.066812e+00
1.731737e-02 5.060192e+00
1.733362e-02 5.053572e+00
1.734989e-02 5.046954e+00
1.736618e-02 5.040337e+00
1.738248e-02 5.033722e+00
1.739879e-02 5.027108e+00
1.741512e-02 5.020495e+00
1.743147e-02 5.013883e+00
1.744783e-02 5.007275e+00
1.746420e-02 5.000666e+00
1.748059e-02 4.994058e+00
1.749700e-02 4.987453e+00
1.751342e-02 4.980849e+00
1.752986e-02 4.974247e+00
1.754631e-02 4.967646e+00
1.756278e-02 4.961046e+00
1.757926e-02 4.954449e+00
1.759576e-02 4.947853e+00
1.761228e-02 4.941259e+00
1.762881e-02 4.934665e+00
1.764535e-02 4.928075e+00
1.766191e-02 4.921485e+00
1.767849e-02 4.914899e+00
1.769508e-02 4.908313e+00
1.771169e-02 4.901730e+00
1.772831e-02 4.895147e+00
1.774495e-02 4.888567e+00
1.776161e-02 4.881989e+00
1.777828e-02 4.875413e+00
1.779496e-02 4.868839e+00
1.781167e-02 4.862267e+00
1.782838e-02 4.855697e+00
1.784512e-02 4.849129e+00
1.786186e-02 4.842562e+00
1.787863e-02 4.835998e+00
1.789541e-02 4.829437e+00
1.791220e-02 4.822877e+00
1.792902e-02 4.816320e+00
1.794584e-02 4.809765e+00
1.796269e-02 4.803212e+00
1.797955e-02 4.796661e+00
1.799642e-02 4.790113e+00
1.801331e-02 4.783567e+00
1.803022e-02 4.777023e+00
1.804714e-02 4.770481e+00
1.806408e-02 4.763943e+00
1.808103e-02 4.757407e+00
1.809800e-02 4.750873e+00
1.811499e-02 4.744341e+00
1.813199e-02 4.737812e+00
1.814901e-02 4.731285e+00
1.816604e-02 4.724761e+00
1.818309e-02 4.718240e+00
1.820016e-02 4.711722e+00
1.821724e-02 4.705205e+00
1.823434e-02 4.698692e+00
1.825145e-02 4.692181e+00
1.826858e-02 4.685674e+00
1.828573e-02 4.679169e+00
1.830289e-02 4.672666e+00
1.832007e-02 4.666166e+00
1.833726e-02 4.659670e+00
1.835447e-02 4.653176e+00
1.837170e-02 4.646685e+00
1.838894e-02 4.640197e+00
1.840620e-02 4.633712e+00
1.842348e-02 4.627230e+00
1.844077e-02 4.620751e+00
1.845808e-02 4.614275e+00
1.847540e-02 4.607802e+00
1.849274e-02 4.601332e+00
1.851010e-02 4.594865e+00
1.852747e-02 4.588401e+00
1.854486e-02 4.581941e+00
1.856226e-02 4.575484e+00
1.857969e-02 4.569030e+00
1.859712e-02 4.562579e+00
1.861458e-02 4.556131e+00
1.863205e-02 4.549688e+00
1.864954e-02 4.543246e+00
1.866704e-02 4.536809e+00
1.868456e-02 4.530375e+00
1.870210e-02 4.523944e+00
1.871965e-02 4.517518e+00
1.873722e-02 4.511093e+00
1.875481e-02 4.504673e+00
1.877241e-02 4.498256e+00
1.879003e-02 4.491843e+00
1.880766e-02 4.485434e+00
1.882531e-02 4.479028e+00
1.884298e-02 4.472626e+00
1.886067e-02 4.466227e+00
1.887837e-02 4.459832e+00
1.889609e-02 4.453441e+00
1.891382e-02 4.447053e+00
1.893157e-02 4.440670e+00
1.894934e-02 4.434290e+00
1.896713e-02 4.427914e+00
1.898493e-02 4.421541e+00
1.900275e-02 4.415173e+00
1.902058e-02 4.408809e+00
1.903844e-02 4.402449e+00
1.905630e-02 4.396093e+00
1.907419e-02 4.389739e+00
1.909209e-02 4.383391e+00
1.911001e-02 4.377047e+00
1.912795e-02 4.370706e+00
1.914590e-02 4.364371e+00
1.916387e-02 4.358038e+00
1.918186e-02 4.351710e+00
1.919986e-02 4.345387e+00
1.921788e-02 4.339067e+00
1.923592e-02 4.332751e+00
1.925397e-02 4.326441e+00
1.927204e-02 4.320134e+00
1.929013e-02 4.313832e+00
1.930823e-02 4.307534e+00
1.932636e-02 4.301240e+00
1.934449e-02 4.294950e+00
1.936265e-02 4.288666e+00
1.938082e-02 4.282385e+00
1.939901e-02 4.276109e+00
1.941722e-02 4.269838e+00
1.943544e-02 4.263571e+00
1.945369e-02 4.257309e+00
1.947194e-02 4.251052e+00
1.949022e-02 4.244798e+00
1.950851e-02 4.238549e+00
1.952682e-02 4.232306e+00
1.954515e-02 4.226067e+00
1.956349e-02 4.219833e+00
1.958185e-02 4.213603e+00
1.960023e-02 4.207378e+00
1.961863e-02 4.201159e+00
1.963704e-02 4.194944e+00
1.965547e-02 4.188733e+00
1.967392e-02 4.182527e+00
1.969239e-02 4.176327e+00
1.971087e-02 4.170132e+00
1.972937e-02 4.163940e+00
1.974788e-02 4.157756e+00
1.976642e-02 4.151575e+00
1.978497e-02 4.145399e+00
1.980354e-02 4.139229e+00
1.982213e-02 4.133064e+00
1.984073e-02 4.126904e+00
1.985935e-02 4.120749e+00
1.987799e-02 4.114598e+00
1.989665e-02 4.108454e+00
1.991532e-02 4.102314e+00
1.993401e-02 4.096180e+00
1.995272e-02 4.090051e+00
1.997145e-02 4.083928e+00
1.999020e-02 4.077809e+00
2.000896e-02 4.071697e+00
2.002774e-02 4.065589e+00
2.004653e-02 4.059487e+00
2.006535e-02 4.053390e+00
2.008418e-02 4.047299e+00
2.010303e-02 4.041213e+00
2.012190e-02 4.035133e+00
2.014078e-02 4.029058e+00
2.015969e-02 4.022989e+00
2.017861e-02 4.016926e+00
2.019755e-02 4.010867e+00
2.021650e-02 4.004815e+00
2.023548e-02 3.998768e+00
2.025447e-02 3.992728e+00
2.027348e-02 3.986692e+00
2.029251e-02 3.980663e+00
2.031155e-02 3.974640e+00
2.033062e-02 3.968621e+00
2.034970e-02 3.962609e+00
2.036880e-02 3.956603e+00
2.038792e-02 3.950603e+00
2.040705e-02 3.944608e+00
2.042620e-02 3.938619e+00
2.044537e-02 3.932637e+00
2.046456e-02 3.926661e+00
2.048377e-02 3.920689e+00
2.050300e-02 3.914725e+00
2.052224e-02 3.908766e+00
2.054150e-02 3.902814e+00
2.056078e-02 3.896867e+00
2.058008e-02 3.890927e+00
2.059939e-02 3.884992e+00
2.061873e-02 3.879064e+00
2.063808e-02 3.873142e+00
2.065745e-02 3.867227e+00
2.067684e-02 3.861317e+00
2.069624e-02 3.855414e+00
2.071567e-02 3.849516e+00
2.073511e-02 3.843626e+00
2.075457e-02 3.837742e+00
2.077405e-02 3.831864e+00
2.079355e-02 3.825992e+00
2.081306e-02 3.820127e+00
2.083260e-02 3.814268e+00
2.085215e-02 3.808415e+00
2.087172e-02 3.802569e+00
2.089131e-02 3.796730e+00
2.091092e-02 3.790898e+00
2.093055e-02 3.785070e+00
2.095019e-02 3.779250e+00
2.096985e-02 3.773438e+00
2.098953e-02 3.767631e+00
2.100923e-02 3.761831e+00
2.102895e-02 3.756037e+00
2.104869e-02 3.750251e+00
2.106844e-02 3.744471e+00
2.108822e-02 3.738697e+00
2.110801e-02 3.732931e+00
2.112782e-02 3.727171e+00
2.114765e-02 3.721417e+00
2.116750e-02 3.715671e+00
2.118737e-02 3.709932e+00
2.120725e-02 3.704199e+00
2.122716e-02 3.698474e+00
2.124708e-02 3.692754e+00
2.126702e-02 3.687042e+00
2.128698e-02 3.681338e+00
2.130696e-02 3.675639e+00
2.132696e-02 3.669948e+00
2.134698e-02 3.664264e+00
2.136701e-02 3.658587e+00
2.138706e-02 3.652917e+00
2.140714e-02 3.647254e+00
2.142723e-02 3.641597e+00
2.144734e-02 3.635948e+00
2.146747e-02 3.630307e+00
2.148762e-02 3.624672e+00
2.150779e-02 3.619045e+00
2.152797e-02 3.613424e+00
2.154818e-02 3.607811e+00
2.156840e-02 3.602205e+00
2.158864e-02 3.596606e+00
2.160891e-02 3.591015e+00
2.162919e-02 3.585430e+00
2.164949e-02 3.579854e+00
2.166981e-02 3.574284e+00
2.169015e-02 3.568722e+00
2.171050e-02 3.563168e+00
2.173088e-02 3.557619e+00
2.175127e-02 3.552079e+00
2.177169e-02 3.546546e+00
2.179212e-02 3.541021e+00
2.181258e-02 3.535503e+00
2.183305e-02 3.529992e+00
2.185354e-02 3.524490e+00
2.187405e-02 3.518994e+00
2.189458e-02 3.513506e+00
2.191513e-02 3.508026e+00
2.193570e-02 3.502553e+00
2.195629e-02 3.497088e+00
2.197689e-02 3.491630e+00
2.199752e-02 3.486180e+00
2.201817e-02 3.480737e+00
2.203883e-02 3.475302e+00
2.205952e-02 3.469875e+00
2.208022e-02 3.464456e+00
2.210094e-02 3.459044e+00
2.212169e-02 3.453639e+00
2.214245e-02 3.448243e+00
2.216323e-02 3.442854e+00
2.218403e-02 3.437474e+00
2.220485e-02 3.432101e+00
2.222569e-02 3.426735e+00
2.224655e-02 3.421377e+00
2.226743e-02 3.416027e+00
2.228833e-02 3.410686e+00
2.230925e-02 3.405351e+00
2.233019e-02 3.400025e+00
2.235115e-02 3.394707e+00
2.237213e-02 3.389397e+00
2.239312e-02 3.384094e+00
2.241414e-02 3.378799e+00
2.243518e-02 3.373512e+00
2.245624e-02 3.368233e+00
2.247731e-02 3.362963e+00
2.249841e-02 3.357700e+00
2.251952e-02 3.352446e+00
2.254066e-02 3.347198e+00
2.256182e-02 3.341959e+00
2.258299e-02 3.336729e+00
2.260419e-02 3.331506e+00
2.262540e-02 3.326291e+00
2.264664e-02 3.321085e+00
2.266789e-02 3.315886e+00
2.268917e-02 3.310696e+00
2.271046e-02 3.305513e+00
2.273178e-02 3.300339e+00
2.275311e-02 3.295173e+00
2.277447e-02 3.290016e+00
2.279584e-02 3.284866e+00
2.281724e-02 3.279724e+00
2.283865e-02 3.274591e+00
2.286009e-02 3.269465e+00
2.288154e-02 3.264349e+00
2.290302e-02 3.259240e+00
2.292452e-02 3.254139e+00
2.294603e-02 3.249047e+00
2.296757e-02 3.243963e+00
2.298912e-02 3.238888e+00
2.301070e-02 3.233820e+00
2.303230e-02 3.228761e+00
2.305391e-02 3.223710e+00
2.307555e-02 3.218667e+00
2.309721e-02 3.213633e+00
2.311889e-02 3.208607e+00
2.314059e-02 3.203590e+00
2.316230e-02 3.198580e+00
2.318404e-02 3.193579e+00
2.320580e-02 3.188587e+00
2.322758e-02 3.183603e+00
2.324938e-02 3.178627e+00
2.327120e-02 3.173660e+00
2.329305e-02 3.168700e+00
2.331491e-02 3.163750e+00
2.333679e-02 3.158808e+00
2.335869e-02 3.153874e+00
2.338062e-02 3.148949e+00
2.340256e-02 3.144032e+00
2.342453e-02 3.139124e+00
2.344651e-02 3.134224e+00
2.346852e-02 3.129332e+00
2.349054e-02 3.124449e+00
2.351259e-02 3.119574e+00
2.353466e-02 3.114708e+00
2.355675e-02 3.109850e+00
2.357886e-02 3.105001e+00
2.360099e-02 3.100160e+00
2.362314e-02 3.095328e+00
2.364531e-02 3.090505e+00
2.366750e-02 3.085690e+00
2.368971e-02 3.080883e+00
2.371195e-02 3.076085e+00
2.373420e-02 3.071295e+00
2.375648e-02 3.066514e+00
2.377878e-02 3.061742e+00
2.380109e-02 3.056978e+00
2.382343e-02 3.052222e+00
2.384579e-02 3.047475e+00
2.386817e-02 3.042737e+00
2.389057e-02 3.038007e+00
2.391300e-02 3.033286e+00
2.393544e-02 3.028573e+00
2.395791e-02 3.023869e+00
2.398039e-02 3.019174e+00
2.400290e-02 3.014486e+00
2.402543e-02 3.009808e+00
2.404798e-02 3.005138e+00
2.407055e-02 3.000477e+00
2.409314e-02 2.995824e+00
2.411575e-02 2.991180e+00
2.413838e-02 2.986545e+00
2.416104e-02 2.981918e+00
2.418372e-02 2.977300e+00
2.420641e-02 2.972690e+00
2.422913e-02 2.968088e+00
2.425187e-02 2.963496e+00
2.427463e-02 2.958912e+00
2.429742e-02 2.954336e+00
2.432022e-02 2.949770e+00
2.434305e-02 2.945211e+00
2.436590e-02 2.940662e+00
2.438876e-02 2.936121e+00
2.441165e-02 2.931588e+00
2.443457e-02 2.927064e+00
2.445750e-02 2.922549e+00
2.448045e-02 2.918042e+00
2.450343e-02 2.913544e+00
2.452643e-02 2.909054e+00
2.454945e-02 2.904573e+00
2.457249e-02 2.900101e+00
2.459555e-02 2.895637e+00
2.461864e-02 2.891181e+00
2.464174e-02 2.886735e+00
2.466487e-02 2.882296e+00
2.468802e-02 2.877867e+00
2.471119e-02 2.873446e+00
2.473438e-02 2.869033e+00
2.475760e-02 2.864629e+00
2.478083e-02 2.860233e+00
2.480409e-02 2.855846e+00
2.482737e-02 2.851468e+00
2.485067e-02 2.847098e+00
2.487400e-02 2.842737e+00
2.489734e-02 2.838384e+00
2.492071e-02 2.834039e+00
2.494410e-02 2.829703e+00
2.496751e-02 2.825376e+00
2.499095e-02 2.821057e+00
2.501440e-02 2.816747e+00
2.503788e-02 2.812445e+00
2.506138e-02 2.808151e+00
2.508490e-02 2.803866e+00
2.510844e-02 2.799590e+00
2.513201e-02 2.795322e+00
2.515560e-02 2.791062e+00
2.517921e-02 2.786811e+00
2.520284e-02 2.782568e+00
2.522649e-02 2.778334e+00
2.525017e-02 2.774108e+00
2.527387e-02 2.769890e+00
2.529759e-02 2.765680e+00
2.532133e-02 2.761480e+00
2.534510e-02 2.757287e+00
2.536889e-02 2.753103e+00
2.539270e-02 2.748927e+00
2.541653e-02 2.744760e+00
2.544038e-02 2.740600e+00
2.546426e-02 2.736450e+00
2.548816e-02 2.732307e+00
2.551208e-02 2.728173e+00
2.553603e-02 2.724047e+00
2.555999e-02 2.719930e+00
2.558398e-02 2.715821e+00
2.560799e-02 2.711719e+00
2.563203e-02 2.707626e+00
2.565609e-02 2.703541e+00
2.568017e-02 2.699465e+00
2.570427e-02 2.695397e+00
2.572839e-02 2.691337e+00
2.575254e-02 2.687285e+00
2.577671e-02 2.683241e+00
2.580090e-02 2.679205e+00
2.582512e-02 2.675178e+00
2.584936e-02 2.671159e+00
2.587362e-02 2.667147e+00
2.589790e-02 2.663144e+00
2.592221e-02 2.659149e+00
2.594654e-02 2.655162e+00
2.597089e-02 2.651183e+00
2.599527e-02 2.647212e+00
2.601966e-02 2.643249e+00
2.604409e-02 2.639294e+00
2.606853e-02 2.635347e+00
2.609300e-02 2.631408e+00
2.611749e-02 2.627477e+00
2.614200e-02 2.623554e+00
2.616653e-02 2.619638e+00
2.619109e-02 2.615731e+00
2.621567e-02 2.611832e+00
2.624028e-02 2.607940e+00
2.626491e-02 2.604056e+00
2.628956e-02 2.600180e+00
2.631423e-02 2.596312e+00
2.633893e-02 2.592451e+00
2.636365e-02 2.588599e+00
2.638839e-02 2.584754e+00
2.641316e-02 2.580917e+00
2.643795e-02 2.577088e+00
2.646277e-02 2.573266e+00
2.648760e-02 2.569452e+00
2.651246e-02 2.565646e+00
2.653735e-02 2.561847e+00
2.656225e-02 2.558055e+00
2.658718e-02 2.554272e+00
2.661214e-02 2.550496e+00
2.663711e-02 2.546727e+00
2.666211e-02 2.542966e+00
2.668714e-02 2.539213e+00
2.671219e-02 2.535467e+00
2.673726e-02 2.531729e+00
2.676235e-02 2.527997e+00
2.678747e-02 2.524273e+00
2.681261e-02 2.520557e+00
2.683778e-02 2.516848e+00
2.686296e-02 2.513147e+00
2.688818e-02 2.509452e+00
2.691341e-02 2.505765e+00
2.693867e-02 2.502085e+00
2.696396e-02 2.498413e+00
2.698926e-02 2.494747e+00
2.701459e-02 2.491089e+00
2.703995e-02 2.487438e+00
2.706533e-02 2.483795e+00
2.709073e-02 2.480158e+00
2.711616e-02 2.476528e+00
2.714161e-02 2.472906e+00
2.716708e-02 2.469290e+00
2.719258e-02 2.465682e+00
2.721810e-02 2.462081e+00
2.724364e-02 2.458486e+00
2.726921e-02 2.454898e+00
2.729481e-02 2.451318e+00
2.732043e-02 2.447744e+00
2.734607e-02 2.444177e+00
2.737173e-02 2.440617e+00
2.739742e-02 2.437064e+00
2.742314e-02 2.433517e+00
2.744888e-02 2.429977e+00
2.747464e-02 2.426444e+00
2.750042e-02 2.422918e+00
2.752624e-02 2.419398e+00
2.755207e-02 2.415885e+00
2.757793e-02 2.412378e+00
2.760381e-02 2.408879e+00
2.762972e-02 2.405385e+00
2.765565e-02 2.401898e+00
2.768161e-02 2.398418e+00
2.770759e-02 2.394944e+00
2.773359e-02 2.391476e+00
2.775962e-02 2.388015e+00
2.778568e-02 2.384560e+00
2.781176e-02 2.381111e+00
2.783786e-02 2.377669e+00
2.786399e-02 2.374233e+00
2.789014e-02 2.370803e+00
2.791632e-02 2.367380e+00
2.794252e-02 2.363962e+00
2.796874e-02 2.360551e+00
2.799499e-02 2.357146e+00
2.802127e-02 2.353747e+00
2.804757e-02 2.350354e+00
2.807389e-02 2.346967e+00
2.810024e-02 2.343585e+00
2.812661e-02 2.340210e+00
2.815301e-02 2.336841e+00
2.817944e-02 2.333477e+00
2.820588e-02 2.330120e+00
2.823236e-02 2.326768e+00
2.825885e-02 2.323422e+00
2.828538e-02 2.320082e+00
2.831192e-02 2.316747e+00
2.833850e-02 2.313418e+00
2.836509e-02 2.310095e+00
2.839172e-02 2.306777e+00
2.841836e-02 2.303464e+00
2.844503e-02 2.300158e+00
2.847173e-02 2.296856e+00
2.849845e-02 2.293561e+00
2.852520e-02 2.290270e+00
2.855197e-02 2.286985e+00
2.857877e-02 2.283705e+00
2.860559e-02 2.280431e+00
2.863244e-02 2.277161e+00
2.865932e-02 2.273898e+00
2.868621e-02 2.270639e+00
2.871314e-02 2.267385e+00
2.874009e-02 2.264137e+00
2.876706e-02 2.260893e+00
2.879406e-02 2.257655e+00
2.882109e-02 2.254421e+00
2.884814e-02 2.251192e+00
2.887521e-02 2.247969e+00
2.890231e-02 2.244750e+00
2.892944e-02 2.241536e+00
2.895659e-02 2.238327e+00
2.898377e-02 2.235123e+00
2.901097e-02 2.231923e+00
2.903820e-02 2.228728e+00
2.906545e-02 2.225538e+00
2.909273e-02 2.222352e+00
2.912004e-02 2.219171e+00
2.914737e-02 2.215994e+00
2.917473e-02 2.212822e+00
2.920211e-02 2.209654e+00
2.922952e-02 2.206491e+00
2.925695e-02 2.203332e+00
2.928441e-02 2.200177e+00
2.931189e-02 2.197027e+00
2.933940e-02 2.193880e+00
2.936694e-02 2.190739e+00
2.939450e-02 2.187601e+00
2.942209e-02 2.184467e+00
2.944971e-02 2.181337e+00
2.947735e-02 2.178211e+00
2.950501e-02 2.175090e+00
2.953270e-02 2.171972e+00
2.956042e-02 2.168858e+00
2.958817e-02 2.165748e+00
2.961594e-02 2.162642e+00
2.964373e-02 2.159540e+00
2.967156e-02 2.156441e+00
2.969940e-02 2.153346e+00
2.972728e-02 2.150255e+00
2.975518e-02 2.147167e+00
2.978311e-02 2.144082e+00
2.981106e-02 2.141002e+00
2.983904e-02 2.137924e+00
2.986704e-02 2.134850e+00
2.989508e-02 2.131780e+00
2.992313e-02 2.128713e+00
2.995122e-02 2.125649e+00
2.997933e-02 2.122589e+00
3.000747e-02 2.119531e+00
3.003563e-02 2.116477e+00
3.006382e-02 2.113426e+00
3.009204e-02 2.110378e+00
3.012028e-02 2.107333e+00
3.014855e-02 2.104291e+00
3.017685e-02 2.101252e+00
3.020517e-02 2.098215e+00
3.023352e-02 2.095182e+00
3.026189e-02 2.092151e+00
3.029030e-02 2.089124e+00
3.031873e-02 2.086099e+00
3.034718e-02 2.083076e+00
3.037566e-02 2.080056e+00
3.040417e-02 2.077039e+00
3.043271e-02 2.074025e+00
3.046127e-02 2.071012e+00
3.048986e-02 2.068003e+00
3.051848e-02 2.064995e+00
3.054712e-02 2.061990e+00
3.057579e-02 2.058987e+00
3.060449e-02 2.055987e+00
3.063321e-02 2.052989e+00
3.066196e-02 2.049992e+00
3.069074e-02 2.046999e+00
3.071955e-02 2.044007e+00
3.074838e-02 2.041017e+00
3.077724e-02 2.038029e+00
3.080612e-02 2.035043e+00
3.083504e-02 2.032059e+00
3.086398e-02 2.029077e+00
3.089295e-02 2.026096e+00
3.092194e-02 2.023118e+00
3.095096e-02 2.020141e+00
3.098001e-02 2.017165e+00
3.100909e-02 2.014192e+00
3.103819e-02 2.011220e+00
3.106732e-02 2.008249e+00
3.109648e-02 2.005280e+00
3.112567e-02 2.002312e+00
3.115488e-02 1.999346e+00
3.118412e-02 1.996381e+00
3.121339e-02 1.993417e+00
3.124268e-02 1.990455e+00
3.127201e-02 1.987494e+00
3.130136e-02 1.984534e+00
3.133074e-02 1.981575e+00
3.136014e-02 1.978617e+00
3.138958e-02 1.975660e+00
3.141904e-02 1.972704e+00
3.144852e-02 1.969749e+00
3.147804e-02 1.966795e+00
3.150758e-02 1.963841e+00
3.153716e-02 1.960889e+00
3.156676e-02 1.957937e+00
3.159638e-02 1.954986e+00
3.162604e-02 1.952035e+00
3.165572e-02 1.949085e+00
3.168543e-02 1.946136e+00
3.171517e-02 1.943187e+00
3.174494e-02 1.940239e+00
3.177473e-02 1.937291e+00
3.180455e-02 1.934343e+00
3.183440e-02 1.931396e+00
3.186428e-02 1.928449e+00
3.189419e-02 1.925502e+00
3.192412e-02 1.922556e+00
3.195409e-02 1.919609e+00
3.198408e-02 1.916662e+00
3.201410e-02 1.913716e+00
3.204414e-02 1.910770e+00
3.207422e-02 1.907824e+00
3.210432e-02 1.904877e+00
3.213445e-02 1.901930e+00
3.216461e-02 1.898984e+00
3.219480e-02 1.896037e+00
3.222502e-02 1.893089e+00
3.225526e-02 1.890142e+00
3.228554e-02 1.887193e+00
3.231584e-02 1.884245e+00
3.234617e-02 1.881296e+00
3.237653e-02 1.878347e+00
3.240691e-02 1.875397e+00
3.243733e-02 1.872447e+00
3.246777e-02 1.869495e+00
3.249825e-02 1.866543e+00
3.252875e-02 1.863591e+00
3.255928e-02 1.860638e+00
3.258984e-02 1.857684e+00
3.262042e-02 1.854729e+00
3.265104e-02 1.851773e+00
3.268169e-02 1.848816e+00
3.271236e-02 1.845859e+00
3.274306e-02 1.842900e+00
3.277379e-02 1.839940e+00
3.280455e-02 1.836979e+00
3.283534e-02 1.834017e+00
3.286616e-02 1.831054e+00
3.289701e-02 1.828089e+00
3.292788e-02 1.825123e+00
3.295879e-02 1.822156e+00
3.298972e-02 1.819187e+00
3.302068e-02 1.816218e+00
3.305167e-02 1.813247e+00
3.308270e-02 1.810273e+00
3.311375e-02 1.807299e+00
3.314482e-02 1.804323e+00
3.317593e-02 1.801345e+00
3.320707e-02 1.798366e+00
3.323824e-02 1.795385e+00
3.326943e-02 1.792402e+00
3.330066e-02 1.789418e+00
3.333191e-02 1.786432e+00
3.336320e-02 1.783444e+00
3.339451e-02 1.780454e+00
3.342585e-02 1.777462e+00
3.345722e-02 1.774468e+00
3.348863e-02 1.771472e+00
3.352006e-02 1.768473e+00
3.355152e-02 1.765473e+00
3.358301e-02 1.762471e+00
3.361453e-02 1.759467e+00
3.364608e-02 1.756460e+00
3.367765e-02 1.753451e+00
3.370926e-02 1.750440e+00
3.374090e-02 1.747426e+00
3.377257e-02 1.744411e+00
3.380427e-02 1.741392e+00
3.383599e-02 1.738372e+00
3.386775e-02 1.735348e+00
3.389954e-02 1.732323e+00
3.393135e-02 1.729295e+00
3.396320e-02 1.726264e+00
3.399508e-02 1.723230e+00
3.402698e-02 1.720194e+00
3.405892e-02 1.717155e+00
3.409089e-02 1.714114e+00
3.412288e-02 1.711070e+00
3.415491e-02 1.708023e+00
3.418696e-02 1.704973e+00
3.421905e-02 1.701920e+00
3.425117e-02 1.698864e+00
3.428331e-02 1.695806e+00
3.431549e-02 1.692744e+00
3.434770e-02 1.689679e+00
3.437994e-02 1.686612e+00
3.441220e-02 1.683541e+00
3.444450e-02 1.680468e+00
3.447683e-02 1.677391e+00
3.450919e-02 1.674311e+00
3.454158e-02 1.671227e+00
3.457400e-02 1.668141e+00
3.460644e-02 1.665051e+00
3.463892e-02 1.661958e+00
3.467144e-02 1.658862e+00
3.470398e-02 1.655763e+00
3.473655e-02 1.652660e+00
3.476915e-02 1.649553e+00
3.480178e-02 1.646443e+00
3.483445e-02 1.643330e+00
3.486714e-02 1.640214e+00
3.489987e-02 1.637094e+00
3.493262e-02 1.633970e+00
3.496541e-02 1.630843e+00
3.499822e-02 1.627712e+00
3.503107e-02 1.624577e+00
3.506395e-02 1.621439e+00
3.509686e-02 1.618297e+00
3.512980e-02 1.615152e+00
3.516277e-02 1.612002e+00
3.519577e-02 1.608850e+00
3.522881e-02 1.605693e+00
3.526187e-02 1.602532e+00
3.529497e-02 1.599368e+00
3.532809e-02 1.596200e+00
3.536125e-02 1.593028e+00
3.539444e-02 1.589852e+00
3.542766e-02 1.586672e+00
3.546091e-02 1.583489e+00
3.549419e-02 1.580301e+00
3.552750e-02 1.577109e+00
3.556085e-02 1.573913e+00
3.559423e-02 1.570714e+00
3.562763e-02 1.567510e+00
3.566107e-02 1.564302e+00
3.569454e-02 1.561091e+00
3.572804e-02 1.557875e+00
3.576158e-02 1.554655e+00
3.579514e-02 1.551431e+00
3.582874e-02 1.548202e+00
3.586236e-02 1.544970e+00
3.589602e-02 1.541734e+00
3.592971e-02 1.538493e+00
3.596343e-02 1.535248e+00
3.599719e-02 1.531999e+00
3.603097e-02 1.528745e+00
3.606479e-02 1.525488e+00
3.609864e-02 1.522226e+00
3.613252e-02 1.518960e+00
3.616643e-02 1.515689e+00
3.620038e-02 1.512415e+00
3.623435e-02 1.509135e+00
3.626836e-02 1.505852e+00
3.630240e-02 1.502564e+00
3.633647e-02 1.499272e+00
3.637058e-02 1.495976e+00
3.640471e-02 1.492675e+00
3.643888e-02 1.489370e+00
3.647308e-02 1.486060e+00
3.650731e-02 1.482746e+00
3.654158e-02 1.479427e+00
3.657587e-02 1.476105e+00
3.661020e-02 1.472778e+00
3.664456e-02 1.469446e+00
3.667895e-02 1.466110e+00
3.671338e-02 1.462769e+00
3.674784e-02 1.459425e+00
3.678233e-02 1.456075e+00
3.681685e-02 1.452721e+00
3.685140e-02 1.449363e+00
3.688599e-02 1.446000e+00
3.692061e-02 1.442633e+00
3.695526e-02 1.439261e+00
3.698995e-02 1.435885e+00
3.702466e-02 1.432504e+00
3.705941e-02 1.429119e+00
3.709420e-02 1.425729e+00
3.712901e-02 1.422335e+00
3.716386e-02 1.418936e+00
3.719874e-02 1.415533e+00
3.723365e-02 1.412126e+00
3.726860e-02 1.408714e+00
3.730358e-02 1.405297e+00
3.733859e-02 1.401876e+00
3.737363e-02 1.398451e+00
3.740871e-02 1.395021e+00
3.744382e-02 1.391587e+00
3.747896e-02 1.388148e+00
3.751414e-02 1.384705e+00
3.754935e-02 1.381257e+00
3.758459e-02 1.377805e+00
3.761987e-02 1.374348e+00
3.765517e-02 1.370887e+00
3.769052e-02 1.367422e+00
3.772589e-02 1.363952e+00
3.776130e-02 1.360478e+00
3.779674e-02 1.356999e+00
3.783221e-02 1.353516e+00
3.786772e-02 1.350029e+00
3.790326e-02 1.346537e+00
3.793884e-02 1.343041e+00
3.797445e-02 1.339541e+00
3.801009e-02 1.336036e+00
3.804576e-02 1.332527e+00
3.808147e-02 1.329014e+00
3.811721e-02 1.325496e+00
3.815299e-02 1.321974e+00
3.818879e-02 1.318448e+00
3.822464e-02 1.314917e+00
3.826051e-02 1.311383e+00
3.829642e-02 1.307844e+00
3.833237e-02 1.304301e+00
3.836834e-02 1.300754e+00
3.840435e-02 1.297203e+00
3.844040e-02 1.293647e+00
3.847648e-02 1.290087e+00
3.851259e-02 1.286524e+00
3.854874e-02 1.282956e+00
3.858492e-02 1.279384e+00
3.862113e-02 1.275808e+00
3.865738e-02 1.272228e+00
3.869366e-02 1.268644e+00
3.872998e-02 1.265056e+00
3.876633e-02 1.261464e+00
3.880271e-02 1.257869e+00
3.883913e-02 1.254269e+00
3.887558e-02 1.250665e+00
3.891207e-02 1.247058e+00
3.894859e-02 1.243446e+00
3.898515e-02 1.239832e+00
3.902174e-02 1.236213e+00
3.905836e-02 1.232590e+00
3.909502e-02 1.228964e+00
3.913171e-02 1.225334e+00
3.916844e-02 1.221700e+00
3.920520e-02 1.218063e+00
3.924200e-02 1.214422e+00
3.927883e-02 1.210777e+00
3.931569e-02 1.207129e+00
3.935259e-02 1.203478e+00
3.938953e-02 1.199823e+00
3.942650e-02 1.196164e+00
3.946350e-02 1.192502e+00
3.950054e-02 1.188837e+00
3.953761e-02 1.185168e+00
3.957472e-02 1.181497e+00
3.961186e-02 1.177821e+00
3.964904e-02 1.174143e+00
3.968625e-02 1.170461e+00
3.972350e-02 1.166776e+00
3.976079e-02 1.163088e+00
3.979810e-02 1.159398e+00
3.983546e-02 1.155703e+00
3.987284e-02 1.152006e+00
3.991027e-02 1.148306e+00
3.994772e-02 1.144603e+00
3.998522e-02 1.140897e+00
4.002275e-02 1.137188e+00
4.006031e-02 1.133477e+00
4.009791e-02 1.129762e+00
4.013554e-02 1.126045e+00
4.017321e-02 1.122325e+00
4.021092e-02 1.118603e+00
4.024866e-02 1.114878e+00
4.028643e-02 1.111150e+00
4.032424e-02 1.107420e+00
4.036209e-02 1.103687e+00
4.039997e-02 1.099952e+00
4.043789e-02 1.096215e+00
4.047584e-02 1.092475e+00
4.051383e-02 1.088733e+00
4.055186e-02 1.084989e+00
4.058992e-02 1.081242e+00
4.062801e-02 1.077494e+00
4.066614e-02 1.073743e+00
4.070431e-02 1.069990e+00
4.074252e-02 1.066235e+00
4.078075e-02 1.062479e+00
4.081903e-02 1.058720e+00
4.085734e-02 1.054960e+00
4.089569e-02 1.051197e+00
4.093407e-02 1.047434e+00
4.097249e-02 1.043668e+00
4.101094e-02 1.039901e+00
4.104944e-02 1.036132e+00
4.108796e-02 1.032361e+00
4.112653e-02 1.028590e+00
4.116513e-02 1.024817e+00
4.120376e-02 1.021042e+00
4.124243e-02 1.017266e+00
4.128114e-02 1.013489e+00
4.131989e-02 1.009710e+00
4.135867e-02 1.005931e+00
4.139749e-02 1.002150e+00
4.143634e-02 9.983685e-01
4.147523e-02 9.945863e-01
4.151416e-02 9.908029e-01
4.155312e-02 9.870183e-01
4.159212e-02 9.832332e-01
4.163116e-02 9.794479e-01
4.167023e-02 9.756611e-01
4.170934e-02 9.718739e-01
4.174849e-02 9.680865e-01
4.178767e-02 9.642984e-01
4.182689e-02 9.605100e-01
4.186615e-02 9.567211e-01
4.190544e-02 9.529318e-01
4.194477e-02 9.491425e-01
4.198414e-02 9.453531e-01
4.202354e-02 9.415634e-01
4.206298e-02 9.377739e-01
4.210246e-02 9.339841e-01
4.214198e-02 9.301946e-01
4.218153e-02 9.264054e-01
4.222112e-02 9.226160e-01
4.226075e-02 9.188272e-01
4.230041e-02 9.150388e-01
4.234011e-02 9.112507e-01
4.237985e-02 9.074629e-01
4.241963e-02 9.036759e-01
4.245944e-02 8.998896e-01
4.249929e-02 8.961037e-01
4.253918e-02 8.923188e-01
4.257910e-02 8.885349e-01
4.261907e-02 8.847514e-01
4.265907e-02 8.809693e-01
4.269911e-02 8.771880e-01
4.273918e-02 8.734077e-01
4.277929e-02 8.696290e-01
4.281945e-02 8.658513e-01
4.285963e-02 8.620748e-01
4.289986e-02 8.583000e-01
4.294012e-02 8.545262e-01
4.298043e-02 8.507542e-01
4.302076e-02 8.469838e-01
4.306114e-02 8.432152e-01
4.310156e-02 8.394482e-01
4.314201e-02 8.356831e-01
4.318250e-02 8.319197e-01
4.322303e-02 8.281584e-01
4.326360e-02 8.243991e-01
4.330420e-02 8.206420e-01
4.334485e-02 8.168871e-01
4.338553e-02 8.131345e-01
4.342625e-02 8.093840e-01
4.346701e-02 8.056360e-01
4.350780e-02 8.018906e-01
4.354864e-02 7.981478e-01
4.358951e-02 7.944075e-01
4.363042e-02 7.906699e-01
4.367137e-02 7.869353e-01
4.371236e-02 7.832032e-01
4.375339e-02 7.794742e-01
4.379445e-02 7.757483e-01
4.383555e-02 7.720253e-01
4.387670e-02 7.683056e-01
4.391788e-02 7.645892e-01
4.395910e-02 7.608761e-01
4.400035e-02 7.571663e-01
4.404165e-02 7.534598e-01
4.408299e-02 7.497571e-01
4.412436e-02 7.460580e-01
4.416577e-02 7.423625e-01
4.420723e-02 7.386710e-01
4.424872e-02 7.349830e-01
4.429025e-02 7.312992e-01
4.433182e-02 7.276195e-01
4.437342e-02 7.239437e-01
4.441507e-02 7.202720e-01
4.445676e-02 7.166045e-01
4.449848e-02 7.129418e-01
4.454025e-02 7.092831e-01
4.458205e-02 7.056287e-01
4.462389e-02 7.019791e-01
4.466578e-02 6.983340e-01
4.470770e-02 6.946938e-01
4.474966e-02 6.910583e-01
4.479166e-02 6.874277e-01
4.483370e-02 6.838020e-01
4.487578e-02 6.801815e-01
4.491789e-02 6.765659e-01
4.496005e-02 6.729554e-01
4.500225e-02 6.693504e-01
4.504449e-02 6.657506e-01
4.508676e-02 6.621561e-01
4.512908e-02 6.585674e-01
4.517144e-02 6.549841e-01
4.521383e-02 6.514062e-01
4.525627e-02 6.478344e-01
4.529874e-02 6.442683e-01
4.534126e-02 6.407079e-01
4.538381e-02 6.371537e-01
4.542641e-02 6.336055e-01
4.546904e-02 6.300633e-01
4.551172e-02 6.265275e-01
4.555444e-02 6.229976e-01
4.559719e-02 6.194743e-01
4.563999e-02 6.159573e-01
4.568282e-02 6.124471e-01
4.572570e-02 6.089431e-01
4.576861e-02 6.054461e-01
4.581157e-02 6.019556e-01
4.585457e-02 5.984720e-01
4.589760e-02 5.949955e-01
4.594068e-02 5.915255e-01
4.598380e-02 5.880629e-01
4.602696e-02 5.846071e-01
4.607016e-02 5.811587e-01
4.611340e-02 5.777175e-01
4.615668e-02 5.742837e-01
4.620000e-02 5.708575e-01
4.624336e-02 5.674386e-01
4.628676e-02 5.640272e-01
4.633020e-02 5.606236e-01
4.637369e-02 5.572276e-01
4.641721e-02 5.538395e-01
4.646078e-02 5.504590e-01
4.650438e-02 5.470868e-01
4.654803e-02 5.437223e-01
4.659172e-02 5.403662e-01
4.663545e-02 5.370182e-01
4.667922e-02 5.336782e-01
4.672303e-02 5.303468e-01
4.676688e-02 5.270234e-01
4.681077e-02 5.237089e-01
4.685471e-02 5.204027e-01
4.689868e-02 5.171053e-01
4.694270e-02 5.138163e-01
4.698676e-02 5.105361e-01
4.703086e-02 5.072647e-01
4.707500e-02 5.040023e-01
4.711918e-02 5.007488e-01
4.716341e-02 4.975044e-01
4.720767e-02 4.942689e-01
4.725198e-02 4.910427e-01
4.729633e-02 4.878257e-01
4.734072e-02 4.846180e-01
4.738515e-02 4.814197e-01
4.742962e-02 4.782306e-01
4.747414e-02 4.750514e-01
4.751870e-02 4.718815e-01
4.756329e-02 4.687213e-01
4.760794e-02 4.655709e-01
4.765262e-02 4.624303e-01
4.769734e-02 4.592994e-01
4.774211e-02 4.561784e-01
4.778692e-02 4.530674e-01
4.783177e-02 4.499664e-01
4.787666e-02 4.468755e-01
4.792160e-02 4.437948e-01
4.796657e-02 4.407244e-01
4.801159e-02 4.376641e-01
4.805665e-02 4.346143e-01
4.810176e-02 4.315748e-01
4.814690e-02 4.285461e-01
4.819209e-02 4.255274e-01
4.823732e-02 4.225197e-01
4.828260e-02 4.195226e-01
4.832791e-02 4.165359e-01
4.837327e-02 4.135605e-01
4.841867e-02 4.105954e-01
4.846412e-02 4.076416e-01
4.850960e-02 4.046984e-01
4.855513e-02 4.017665e-01
4.860070e-02 3.988456e-01
4.864632e-02 3.959357e-01
4.869198e-02 3.930370e-01
4.873768e-02 3.901498e-01
4.878342e-02 3.872736e-01
4.882921e-02 3.844087e-01
4.887503e-02 3.815553e-01
4.892091e-02 3.787133e-01
4.896682e-02 3.758829e-01
4.901278e-02 3.730639e-01
4.905878e-02 3.702567e-01
4.910483e-02 3.674610e-01
4.915091e-02 3.646770e-01
4.919704e-02 3.619049e-01
4.924322e-02 3.591445e-01
4.928944e-02 3.563960e-01
4.933570e-02 3.536594e-01
4.938200e-02 3.509347e-01
4.942835e-02 3.482221e-01
4.947474e-02 3.455215e-01
4.952117e-02 3.428329e-01
4.956765e-02 3.401563e-01
4.961417e-02 3.374921e-01
4.966074e-02 3.348401e-01
4.970735e-02 3.322005e-01
4.975400e-02 3.295730e-01
4.980070e-02 3.269579e-01
4.984744e-02 3.243552e-01
4.989423e-02 3.217651e-01
4.994105e-02 3.191873e-01
4.998793e-02 3.166221e-01
5.003484e-02 3.140694e-01
5.008180e-02 3.115293e-01
5.012881e-02 3.090020e-01
5.017586e-02 3.064871e-01
5.022295e-02 3.039851e-01
5.027009e-02 3.014956e-01
5.031727e-02 2.990191e-01
5.036449e-02 2.965554e-01
5.041176e-02 2.941045e-01
5.045908e-02 2.916664e-01
5.050644e-02 2.892415e-01
5.055384e-02 2.868293e-01
5.060129e-02 2.844301e-01
5.064878e-02 2.820441e-01
5.069632e-02 2.796709e-01
5.074390e-02 2.773110e-01
5.079152e-02 2.749640e-01
5.083919e-02 2.726303e-01
5.088691e-02 2.703095e-01
5.093467e-02 2.680022e-01
5.098248e-02 2.657079e-01
5.103033e-02 2.634268e-01
5.107822e-02 2.611592e-01
5.112616e-02 2.589047e-01
5.117414e-02 2.566635e-01
5.122217e-02 2.544357e-01
5.127025e-02 2.522212e-01
5.131837e-02 2.500202e-01
5.136653e-02 2.478326e-01
5.141474e-02 2.456583e-01
5.146300e-02 2.434974e-01
5.151130e-02 2.413500e-01
5.155965e-02 2.392161e-01
5.160804e-02 2.370957e-01
5.165648e-02 2.349889e-01
5.170496e-02 2.328956e-01
5.175349e-02 2.308158e-01
5.180206e-02 2.287495e-01
5.185068e-02 2.266968e-01
5.189934e-02 2.246578e-01
5.194805e-02 2.226323e-01
5.199681e-02 2.206204e-01
5.204561e-02 2.186222e-01
5.209446e-02 2.166376e-01
5.214335e-02 2.146666e-01
5.219229e-02 2.127093e-01
5.224128e-02 2.107656e-01
5.229031e-02 2.088357e-01
5.233939e-02 2.069192e-01
5.238851e-02 2.050167e-01
5.243768e-02 2.031277e-01
5.248690e-02 2.012525e-01
5.253616e-02 1.993909e-01
5.258547e-02 1.975431e-01
5.263482e-02 1.957091e-01
5.268422e-02 1.938887e-01
5.273367e-02 1.920819e-01
5.278316e-02 1.902890e-01
5.283270e-02 1.885096e-01
5.288229e-02 1.867442e-01
5.293192e-02 1.849923e-01
5.298160e-02 1.832543e-01
5.303133e-02 1.815298e-01
5.308110e-02 1.798191e-01
5.313092e-02 1.781221e-01
5.318079e-02 1.764389e-01
5.323070e-02 1.747693e-01
5.328066e-02 1.731135e-01
5.333067e-02 1.714712e-01
5.338072e-02 1.698427e-01
5.343082e-02 1.682279e-01
5.348097e-02 1.666268e-01
5.353116e-02 1.650392e-01
5.358141e-02 1.634654e-01
5.363170e-02 1.619051e-01
5.368203e-02 1.603585e-01
5.373242e-02 1.588257e-01
5.378285e-02 1.573062e-01
5.383332e-02 1.558005e-01
5.388385e-02 1.543083e-01
5.393442e-02 1.528297e-01
5.398504e-02 1.513647e-01
5.403571e-02 1.499132e-01
5.408643e-02 1.484752e-01
5.413719e-02 1.470508e-01
5.418800e-02 1.456398e-01
5.423886e-02 1.442423e-01
5.428977e-02 1.428583e-01
5.434072e-02 1.414877e-01
5.439172e-02 1.401306e-01
5.444277e-02 1.387869e-01
5.449387e-02 1.374565e-01
5.454501e-02 1.361395e-01
5.459621e-02 1.348359e-01
5.464745e-02 1.335456e-01
5.469874e-02 1.322686e-01
5.475008e-02 1.310049e-01
5.480146e-02 1.297544e-01
5.485290e-02 1.285171e-01
5.490438e-02 1.272932e-01
5.495591e-02 1.260823e-01
5.500749e-02 1.248847e-01
5.505912e-02 1.237001e-01
5.511079e-02 1.225287e-01
5.516252e-02 1.213704e-01
5.521429e-02 1.202251e-01
5.526611e-02 1.190929e-01
5.531798e-02 1.179737e-01
5.536990e-02 1.168674e-01
5.542187e-02 1.157741e-01
5.547389e-02 1.146937e-01
5.552595e-02 1.136262e-01
5.557807e-02 1.125715e-01
5.563023e-02 1.115297e-01
5.568244e-02 1.105006e-01
5.573470e-02 1.094843e-01
5.578701e-02 1.084809e-01
5.583937e-02 1.074900e-01
5.589178e-02 1.065118e-01
5.594424e-02 1.055463e-01
5.599675e-02 1.045934e-01
5.604930e-02 1.036530e-01
5.610191e-02 1.027251e-01
5.615456e-02 1.018098e-01
5.620727e-02 1.009069e-01
5.626002e-02 1.000165e-01
5.631282e-02 9.913845e-02
5.636568e-02 9.827270e-02
5.641858e-02 9.741933e-02
5.647153e-02 9.657822e-02
5.652453e-02 9.574934e-02
5.657758e-02 9.493272e-02
5.663068e-02 9.412821e-02
5.668384e-02 9.333589e-02
5.673704e-02 9.255562e-02
5.679029e-02 9.178739e-02
5.684359e-02 9.103117e-02
5.689694e-02 9.028698e-02
5.695034e-02 8.955466e-02
5.700379e-02 8.883429e-02
5.705729e-02 8.812580e-02
5.711084e-02 8.742905e-02
5.716445e-02 8.674411e-02
5.721810e-02 8.607092e-02
5.727180e-02 8.540939e-02
5.732555e-02 8.475950e-02
5.737936e-02 8.412124e-02
5.743321e-02 8.349456e-02
5.748711e-02 8.287937e-02
5.754107e-02 8.227570e-02
5.759508e-02 8.168345e-02
5.764913e-02 8.110258e-02
5.770324e-02 8.053309e-02
5.775740e-02 7.997491e-02
5.781160e-02 7.942797e-02
5.786586e-02 7.889228e-02
5.792017e-02 7.836779e-02
5.797454e-02 7.785438e-02
5.802895e-02 7.735211e-02
5.808341e-02 7.686087e-02
5.813793e-02 7.638062e-02
5.819249e-02 7.591135e-02
5.824711e-02 7.545301e-02
5.830178e-02 7.500552e-02
5.835650e-02 7.456882e-02
5.841127e-02 7.414297e-02
5.846609e-02 7.372781e-02
5.852096e-02 7.332334e-02
5.857589e-02 7.292957e-02
5.863087e-02 7.254637e-02
5.868589e-02 7.217371e-02
5.874097e-02 7.181157e-02
5.879611e-02 7.145990e-02
5.885129e-02 7.111863e-02
5.890652e-02 7.078776e-02
5.896181e-02 7.046721e-02
5.901715e-02 7.015695e-02
5.907254e-02 6.985693e-02
5.912798e-02 6.956710e-02
5.918348e-02 6.928742e-02
5.923903e-02 6.901781e-02
5.929463e-02 6.875830e-02
5.935028e-02 6.850877e-02
5.940598e-02 6.826924e-02
5.946174e-02 6.803960e-02
5.951754e-02 6.781984e-02
5.957341e-02 6.760991e-02
5.962932e-02 6.740976e-02
5.968528e-02 6.721937e-02
5.974130e-02 6.703864e-02
5.979737e-02 6.686758e-02
5.985350e-02 6.670612e-02
5.990967e-02 6.655421e-02
5.996590e-02 6.641181e-02
6.002218e-02 6.627889e-02
6.007852e-02 6.615537e-02
6.013490e-02 6.604124e-02
6.019134e-02 6.593646e-02
6.024784e-02 6.584096e-02
6.030438e-02 6.575468e-02
6.036098e-02 6.567761e-02
6.041763e-02 6.560971e-02
6.047434e-02 6.555091e-02
6.053110e-02 6.550116e-02
6.058791e-02 6.546045e-02
6.064477e-02 6.542870e-02
6.070169e-02 6.540590e-02
6.075866e-02 6.539201e-02
6.081569e-02 6.538693e-02
6.087277e-02 6.539068e-02
6.092990e-02 6.540317e-02
6.098709e-02 6.542439e-02
6.104433e-02 6.545429e-02
6.110162e-02 6.549281e-02
6.115897e-02 6.553994e-02
6.121637e-02 6.559558e-02
6.127382e-02 6.565974e-02
6.133133e-02 6.573236e-02
6.138890e-02 6.581341e-02
6.144651e-02 6.590285e-02
6.150418e-02 6.600061e-02
6.156191e-02 6.610665e-02
6.161969e-02 6.622097e-02
6.167752e-02 6.634351e-02
6.173541e-02 6.647420e-02
6.179335e-02 6.661304e-02
6.185135e-02 6.675994e-02
6.190940e-02 6.691492e-02
6.196751e-02 6.707789e-02
6.202567e-02 6.724885e-02
6.208388e-02 6.742772e-02
6.214215e-02 6.761448e-02
6.220047e-02 6.780911e-02
6.225885e-02 6.801155e-02
6.231728e-02 6.822176e-02
6.237577e-02 6.843970e-02
6.243432e-02 6.866534e-02
6.249291e-02 6.889864e-02
6.255157e-02 6.913955e-02
6.261028e-02 6.938806e-02
6.266904e-02 6.964409e-02
6.272786e-02 6.990768e-02
6.278673e-02 7.017866e-02
6.284566e-02 7.045713e-02
6.290464e-02 7.074293e-02
6.296368e-02 7.103618e-02
6.302278e-02 7.133669e-02
6.308193e-02 7.164448e-02
6.314114e-02 7.195955e-02
6.320040e-02 7.228182e-02
6.325971e-02 7.261124e-02
6.331909e-02 7.294784e-02
6.337852e-02 7.329153e-02
6.343800e-02 7.364229e-02
6.349754e-02 7.400012e-02
6.355714e-02 7.436487e-02
6.361679e-02 7.473666e-02
6.367650e-02 7.511536e-02
6.373626e-02 7.550094e-02
6.379608e-02 7.589339e-02
6.385596e-02 7.629266e-02
6.391589e-02 7.669873e-02
6.397588e-02 7.711159e-02
6.403592e-02 7.753114e-02
6.409602e-02 7.795743e-02
6.415618e-02 7.839034e-02
6.421640e-02 7.882990e-02
6.427667e-02 7.927601e-02
6.433699e-02 7.972873e-02
6.439738e-02 8.018799e-02
6.445782e-02 8.065371e-02
6.451831e-02 8.112593e-02
6.457887e-02 8.160453e-02
6.463948e-02 8.208957e-02
6.470015e-02 8.258098e-02
6.476087e-02 8.307871e-02
6.482165e-02 8.358275e-02
6.488249e-02 8.409311e-02
6.494339e-02 8.460964e-02
6.500434e-02 8.513242e-02
6.506535e-02 8.566141e-02
6.512642e-02 8.619648e-02
6.518754e-02 8.673770e-02
6.524873e-02 8.728502e-02
6.530997e-02 8.783835e-02
6.537126e-02 8.839773e-02
6.543262e-02 8.896312e-02
6.549403e-02 8.953449e-02
6.555550e-02 9.011175e-02
6.561703e-02 9.069492e-02
6.567861e-02 9.128399e-02
6.574026e-02 9.187890e-02
6.580196e-02 9.247959e-02
6.586372e-02 9.308605e-02
6.592553e-02 9.369829e-02
6.598741e-02 9.431626e-02
6.604934e-02 9.493985e-02
6.611133e-02 9.556920e-02
6.617338e-02 9.620410e-02
6.623549e-02 9.684463e-02
6.629765e-02 9.749065e-02
6.635988e-02 9.814230e-02
6.642216e-02 9.879939e-02
6.648450e-02 9.946202e-02
6.654690e-02 1.001300e-01
6.660936e-02 1.008035e-01
6.667188e-02 1.014823e-01
6.673445e-02 1.021664e-01
6.679708e-02 1.028560e-01
6.685978e-02 1.035507e-01
6.692253e-02 1.042508e-01
6.698534e-02 1.049560e-01
6.704821e-02 1.056664e-01
6.711114e-02 1.063820e-01
6.717413e-02 1.071027e-01
6.723717e-02 1.078286e-01
6.730028e-02 1.085595e-01
6.736344e-02 1.092954e-01
6.742667e-02 1.100363e-01
6.748995e-02 1.107822e-01
6.755329e-02 1.115331e-01
6.761670e-02 1.122887e-01
6.768016e-02 1.130493e-01
6.774368e-02 1.138148e-01
6.780726e-02 1.145850e-01
6.787090e-02 1.153599e-01
6.793460e-02 1.161396e-01
6.799836e-02 1.169241e-01
6.806218e-02 1.177131e-01
6.812606e-02 1.185069e-01
6.819000e-02 1.193051e-01
6.825400e-02 1.201079e-01
6.831807e-02 1.209152e-01
6.838219e-02 1.217272e-01
6.844637e-02 1.225434e-01
6.851061e-02 1.233641e-01
6.857491e-02 1.241891e-01
6.863927e-02 1.250186e-01
6.870369e-02 1.258522e-01
6.876817e-02 1.266902e-01
6.883272e-02 1.275324e-01
6.889732e-02 1.283788e-01
6.896198e-02 1.292293e-01
6.902671e-02 1.300838e-01
6.909149e-02 1.309425e-01
6.915634e-02 1.318052e-01
6.922125e-02 1.326719e-01
6.928622e-02 1.335424e-01
6.935124e-02 1.344169e-01
6.941633e-02 1.352953e-01
6.948149e-02 1.361774e-01
6.954670e-02 1.370634e-01
6.961197e-02 1.379530e-01
6.967731e-02 1.388464e-01
6.974270e-02 1.397433e-01
6.980816e-02 1.406439e-01
6.987368e-02 1.415480e-01
6.993926e-02 1.424555e-01
7.000490e-02 1.433667e-01
7.007060e-02 1.442811e-01
7.013637e-02 1.451990e-01
7.020220e-02 1.461201e-01
7.026809e-02 1.470445e-01
7.033404e-02 1.479721e-01
7.040005e-02 1.489029e-01
7.046612e-02 1.498368e-01
7.053226e-02 1.507738e-01
7.059846e-02 1.517137e-01
7.066472e-02 1.526566e-01
7.073104e-02 1.536025e-01
7.079743e-02 1.545512e-01
7.086387e-02 1.555026e-01
7.093038e-02 1.564568e-01
7.099696e-02 1.574137e-01
7.106359e-02 1.583733e-01
7.113029e-02 1.593355e-01
7.119705e-02 1.603001e-01
7.126387e-02 1.612673e-01
7.133075e-02 1.622368e-01
7.139770e-02 1.632086e-01
7.146471e-02 1.641827e-01
7.153179e-02 1.651592e-01
7.159892e-02 1.661378e-01
7.166612e-02 1.671184e-01
7.173339e-02 1.681011e-01
7.180071e-02 1.690858e-01
7.186810e-02 1.700725e-01
7.193555e-02 1.710611e-01
7.200307e-02 1.720513e-01
7.207065e-02 1.730434e-01
7.213829e-02 1.740370e-01
7.220600e-02 1.750323e-01
7.227377e-02 1.760291e-01
7.234160e-02 1.770274e-01
7.240950e-02 1.780271e-01
7.247746e-02 1.790280e-01
7.254548e-02 1.800303e-01
7.261357e-02 1.810338e-01
7.268172e-02 1.820383e-01
7.274994e-02 1.830439e-01
7.281822e-02 1.840505e-01
7.288656e-02 1.850580e-01
7.295497e-02 1.860663e-01
7.302344e-02 1.870754e-01
7.309198e-02 1.880851e-01
7.316058e-02 1.890955e-01
7.322924e-02 1.901064e-01
7.329797e-02 1.911177e-01
7.336677e-02 1.921295e-01
7.343563e-02 1.931414e-01
7.350455e-02 1.941537e-01
7.357354e-02 1.951660e-01
7.364259e-02 1.961784e-01
7.371171e-02 1.971908e-01
7.378089e-02 1.982032e-01
7.385014e-02 1.992153e-01
7.391945e-02 2.002271e-01
7.398883e-02 2.012386e-01
7.405827e-02 2.022497e-01
7.412778e-02 2.032602e-01
7.419735e-02 2.042702e-01
7.426699e-02 2.052795e-01
7.433669e-02 2.062880e-01
7.440646e-02 2.072955e-01
7.447630e-02 2.083022e-01
7.454620e-02 2.093079e-01
7.461616e-02 2.103125e-01
7.468620e-02 2.113158e-01
7.475629e-02 2.123179e-01
7.482646e-02 2.133186e-01
7.489668e-02 2.143178e-01
7.496698e-02 2.153154e-01
7.503734e-02 2.163113e-01
7.510777e-02 2.173056e-01
7.517826e-02 2.182979e-01
7.524882e-02 2.192883e-01
7.531944e-02 2.202768e-01
7.539014e-02 2.212631e-01
7.546089e-02 2.222472e-01
7.553172e-02 2.232290e-01
7.560261e-02 2.242083e-01
7.567357e-02 2.251852e-01
7.574459e-02 2.261595e-01
7.581568e-02 2.271311e-01
7.588684e-02 2.280999e-01
7.595806e-02 2.290658e-01
7.602935e-02 2.300289e-01
7.610071e-02 2.309887e-01
7.617214e-02 2.319455e-01
7.624363e-02 2.328989e-01
7.631519e-02 2.338491e-01
7.638681e-02 2.347957e-01
7.645851e-02 2.357388e-01
7.653027e-02 2.366782e-01
7.660209e-02 2.376139e-01
7.667399e-02 2.385457e-01
7.674595e-02 2.394735e-01
7.681798e-02 2.403974e-01
7.689008e-02 2.413171e-01
7.696225e-02 2.422325e-01
7.703448e-02 2.431435e-01
7.710678e-02 2.440501e-01
7.717915e-02 2.449521e-01
7.725159e-02 2.458496e-01
7.732409e-02 2.467422e-01
7.739667e-02 2.476300e-01
7.746931e-02 2.485128e-01
7.754202e-02 2.493906e-01
7.761479e-02 2.502633e-01
7.768764e-02 2.511306e-01
7.776055e-02 2.519928e-01
7.783354e-02 2.528493e-01
7.790659e-02 2.537004e-01
7.797971e-02 2.545458e-01
7.805290e-02 2.553855e-01
7.812615e-02 2.562193e-01
7.819948e-02 2.570472e-01
7.827287e-02 2.578690e-01
7.834634e-02 2.586847e-01
7.841987e-02 2.594942e-01
7.849347e-02 2.602973e-01
7.856714e-02 2.610940e-01
7.864088e-02 2.618842e-01
7.871469e-02 2.626677e-01
7.878857e-02 2.634446e-01
7.886251e-02 2.642145e-01
7.893653e-02 2.649776e-01
7.901062e-02 2.657337e-01
7.908477e-02 2.664827e-01
7.915900e-02 2.672244e-01
7.923329e-02 2.679589e-01
7.930766e-02 2.686860e-01
7.938209e-02 2.694056e-01
7.945660e-02 2.701177e-01
7.953117e-02 2.708220e-01
7.960582e-02 2.715187e-01
7.968053e-02 2.722076e-01
7.975532e-02 2.728884e-01
7.983017e-02 2.735612e-01
7.990510e-02 2.742260e-01
7.998009e-02 2.748825e-01
8.005516e-02 2.755308e-01
8.013029e-02 2.761707e-01
8.020550e-02 2.768021e-01
8.028078e-02 2.774250e-01
8.035613e-02 2.780393e-01
8.043155e-02 2.786449e-01
8.050704e-02 2.792416e-01
8.058260e-02 2.798296e-01
8.065823e-02 2.804085e-01
8.073393e-02 2.809785e-01
8.080970e-02 2.815393e-01
8.088555e-02 2.820909e-01
8.096146e-02 2.826334e-01
8.103745e-02 2.831664e-01
8.111351e-02 2.836901e-01
8.118964e-02 2.842043e-01
8.126584e-02 2.847088e-01
8.134211e-02 2.852038e-01
8.141846e-02 2.856891e-01
8.149487e-02 2.861647e-01
8.157136e-02 2.866304e-01
8.164792e-02 2.870862e-01
8.172455e-02 2.875320e-01
8.180125e-02 2.879679e-01
8.187803e-02 2.883936e-01
8.195487e-02 2.888092e-01
8.203179e-02 2.892146e-01
8.210879e-02 2.896097e-01
8.218585e-02 2.899945e-01
8.226299e-02 2.903688e-01
8.234019e-02 2.907328e-01
8.241747e-02 2.910862e-01
8.249483e-02 2.914292e-01
8.257225e-02 2.917615e-01
8.264975e-02 2.920832e-01
8.272732e-02 2.923942e-01
8.280497e-02 2.926945e-01
8.288269e-02 2.929839e-01
8.296048e-02 2.932626e-01
8.303834e-02 2.935304e-01
8.311627e-02 2.937873e-01
8.319428e-02 2.940332e-01
8.327237e-02 2.942682e-01
8.335052e-02 2.944921e-01
8.342875e-02 2.947050e-01
8.350705e-02 2.949068e-01
8.358543e-02 2.950975e-01
8.366388e-02 2.952770e-01
8.374240e-02 2.954454e-01
8.382100e-02 2.956026e-01
8.389967e-02 2.957485e-01
8.397842e-02 2.958832e-01
8.405723e-02 2.960066e-01
8.413613e-02 2.961188e-01
8.421509e-02 2.962196e-01
8.429413e-02 2.963091e-01
8.437325e-02 2.963873e-01
8.445244e-02 2.964541e-01
8.453170e-02 2.965096e-01
8.461104e-02 2.965537e-01
8.469045e-02 2.965864e-01
8.476994e-02 2.966078e-01
8.484950e-02 2.966178e-01
8.492914e-02 2.966163e-01
8.500885e-02 2.966035e-01
8.508863e-02 2.965793e-01
8.516849e-02 2.965437e-01
8.524843e-02 2.964968e-01
8.532844e-02 2.964384e-01
8.540852e-02 2.963687e-01
8.548868e-02 2.962877e-01
8.556892e-02 2.961953e-01
8.564923e-02 2.960916e-01
8.572962e-02 2.959766e-01
8.581008e-02 2.958503e-01
8.589062e-02 2.957126e-01
8.597123e-02 2.955638e-01
8.605192e-02 2.954037e-01
8.613268e-02 2.952324e-01
8.621352e-02 2.950499e-01
8.629444e-02 2.948563e-01
8.637543e-02 2.946515e-01
8.645650e-02 2.944356e-01
8.653765e-02 2.942087e-01
8.661887e-02 2.939708e-01
8.670016e-02 2.937219e-01
8.678154e-02 2.934620e-01
8.686299e-02 2.931912e-01
8.694451e-02 2.929095e-01
8.702611e-02 2.926170e-01
8.710779e-02 2.923138e-01
8.718955e-02 2.919998e-01
8.727138e-02 2.916751e-01
8.735329e-02 2.913398e-01
8.743528e-02 2.909939e-01
8.751734e-02 2.906374e-01
8.759948e-02 2.902705e-01
8.768170e-02 2.898931e-01
8.776399e-02 2.895054e-01
8.784636e-02 2.891074e-01
8.792881e-02 2.886992e-01
8.801134e-02 2.882807e-01
8.809394e-02 2.878522e-01
8.817662e-02 2.874136e-01
8.825938e-02 2.869651e-01
8.834222e-02 2.865066e-01
8.842513e-02 2.860383e-01
8.850812e-02 2.855602e-01
8.859119e-02 2.850725e-01
8.867434e-02 2.845750e-01
8.875757e-02 2.840681e-01
8.884087e-02 2.835517e-01
8.892425e-02 2.830259e-01
8.900771e-02 2.824908e-01
8.909125e-02 2.819464e-01
8.917487e-02 2.813929e-01
8.925856e-02 2.808304e-01
8.934234e-02 2.802588e-01
8.942619e-02 2.796785e-01
8.951012e-02 2.790893e-01
8.959413e-02 2.784913e-01
8.967822e-02 2.778848e-01
8.976239e-02 2.772697e-01
8.984664e-02 2.766463e-01
8.993096e-02 2.760143e-01
9.001537e-02 2.753742e-01
9.009985e-02 2.747260e-01
9.018442e-02 2.740697e-01
9.026906e-02 2.734054e-01
9.035378e-02 2.727332e-01
9.043858e-02 2.720533e-01
9.052347e-02 2.713656e-01
9.060843e-02 2.706705e-01
9.069347e-02 2.699679e-01
9.077859e-02 2.692579e-01
9.086379e-02 2.685406e-01
9.094907e-02 2.678162e-01
9.103443e-02 2.670848e-01
9.111987e-02 2.663464e-01
9.120539e-02 2.656012e-01
9.129100e-02 2.648492e-01
9.137668e-02 2.640906e-01
9.146244e-02 2.633255e-01
9.154828e-02 2.625540e-01
9.163421e-02 2.617761e-01
9.172021e-02 2.609922e-01
9.180629e-02 2.602020e-01
9.189246e-02 2.594060e-01
9.197871e-02 2.586040e-01
9.206503e-02 2.577963e-01
9.215144e-02 2.569830e-01
9.223793e-02 2.561642e-01
9.232450e-02 2.553399e-01
9.241115e-02 2.545103e-01
9.249789e-02 2.536756e-01
9.258470e-02 2.528357e-01
9.267160e-02 2.519909e-01
9.275857e-02 2.511412e-01
9.284563e-02 2.502867e-01
9.293277e-02 2.494276e-01
9.302000e-02 2.485640e-01
9.310730e-02 2.476961e-01
9.319469e-02 2.468238e-01
9.328216e-02 2.459473e-01
9.336971e-02 2.450667e-01
9.345734e-02 2.441822e-01
9.354505e-02 2.432938e-01
9.363285e-02 2.424017e-01
9.372073e-02 2.415059e-01
9.380869e-02 2.406067e-01
9.389674e-02 2.397040e-01
9.398487e-02 2.387981e-01
9.407308e-02 2.378890e-01
9.416137e-02 2.369767e-01
9.424974e-02 2.360615e-01
9.433820e-02 2.351434e-01
9.442674e-02 2.342226e-01
9.451537e-02 2.332992e-01
9.460408e-02 2.323732e-01
9.469287e-02 2.314447e-01
9.478174e-02 2.305140e-01
9.487070e-02 2.295810e-01
9.495974e-02 2.286458e-01
9.504887e-02 2.277088e-01
9.513808e-02 2.267697e-01
9.522737e-02 2.258289e-01
9.531675e-02 2.248863e-01
9.540621e-02 2.239421e-01
9.549575e-02 2.229964e-01
9.558538e-02 2.220494e-01
9.567509e-02 2.211010e-01
9.576489e-02 2.201514e-01
9.585477e-02 2.192006e-01
9.594473e-02 2.182489e-01
9.603478e-02 2.172962e-01
9.612492e-02 2.163427e-01
9.621513e-02 2.153884e-01
9.630544e-02 2.144335e-01
9.639583e-02 2.134781e-01
9.648630e-02 2.125221e-01
9.657686e-02 2.115659e-01
9.666750e-02 2.106092e-01
9.675823e-02 2.096524e-01
9.684904e-02 2.086955e-01
9.693994e-02 2.077385e-01
9.703092e-02 2.067816e-01
9.712199e-02 2.058248e-01
9.721315e-02 2.048681e-01
9.730439e-02 2.039118e-01
9.739571e-02 2.029559e-01
9.748712e-02 2.020004e-01
9.757862e-02 2.010454e-01
9.767020e-02 2.000910e-01
9.776187e-02 1.991373e-01
9.785363e-02 1.981843e-01
9.794547e-02 1.972322e-01
9.803740e-02 1.962808e-01
9.812941e-02 1.953306e-01
9.822151e-02 1.943812e-01
9.831370e-02 1.934330e-01
9.840597e-02 1.924859e-01
9.849833e-02 1.915400e-01
9.859077e-02 1.905954e-01
9.868331e-02 1.896522e-01
9.877593e-02 1.887103e-01
9.886863e-02 1.877700e-01
9.896143e-02 1.868310e-01
9.905431e-02 1.858937e-01
9.914728e-02 1.849580e-01
9.924033e-02 1.840240e-01
9.933347e-02 1.830918e-01
9.942671e-02 1.821613e-01
9.952002e-02 1.812326e-01
9.961343e-02 1.803058e-01
9.970692e-02 1.793810e-01
9.980050e-02 1.784580e-01
9.989417e-02 1.775372e-01
9.998793e-02 1.766185e-01
1.000818e-01 1.757017e-01
1.001757e-01 1.747873e-01
1.002697e-01 1.738749e-01
1.003638e-01 1.729648e-01
1.004580e-01 1.720570e-01
1.005523e-01 1.711515e-01
1.006467e-01 1.702483e-01
1.007412e-01 1.693475e-01
1.008357e-01 1.684491e-01
1.009303e-01 1.675532e-01
1.010251e-01 1.666596e-01
1.011199e-01 1.657687e-01
1.012148e-01 1.648803e-01
1.013098e-01 1.639944e-01
1.014049e-01 1.631112e-01
1.015001e-01 1.622306e-01
1.015953e-01 1.613526e-01
1.016907e-01 1.604773e-01
1.017861e-01 1.596047e-01
1.018816e-01 1.587347e-01
1.019773e-01 1.578675e-01
1.020730e-01 1.570032e-01
1.021688e-01 1.561415e-01
1.022647e-01 1.552827e-01
1.023606e-01 1.544267e-01
1.024567e-01 1.535736e-01
1.025529e-01 1.527233e-01
1.026491e-01 1.518759e-01
1.027455e-01 1.510314e-01
1.028419e-01 1.501898e-01
1.029384e-01 1.493511e-01
1.030350e-01 1.485153e-01
1.031317e-01 1.476825e-01
1.032285e-01 1.468527e-01
1.033254e-01 1.460258e-01
1.034224e-01 1.452019e-01
1.035195e-01 1.443811e-01
1.036166e-01 1.435632e-01
1.037139e-01 1.427483e-01
1.038112e-01 1.419365e-01
1.039087e-01 1.411277e-01
1.040062e-01 1.403220e-01
1.041038e-01 1.395194e-01
1.042015e-01 1.387198e-01
1.042993e-01 1.379233e-01
1.043972e-01 1.371299e-01
1.044952e-01 1.363396e-01
1.045933e-01 1.355524e-01
1.046914e-01 1.347682e-01
1.047897e-01 1.339872e-01
1.048880e-01 1.332094e-01
1.049865e-01 1.324347e-01
1.050850e-01 1.316631e-01
1.051836e-01 1.308947e-01
1.052824e-01 1.301294e-01
1.053812e-01 1.293673e-01
1.054801e-01 1.286084e-01
1.055791e-01 1.278526e-01
1.056782e-01 1.271001e-01
1.057774e-01 1.263507e-01
1.058766e-01 1.256046e-01
1.059760e-01 1.248616e-01
1.060755e-01 1.241219e-01
1.061750e-01 1.233854e-01
1.062747e-01 1.226522e-01
1.063744e-01 1.219222e-01
1.064743e-01 1.211955e-01
1.065742e-01 1.204720e-01
1.066742e-01 1.197518e-01
1.067743e-01 1.190350e-01
1.068745e-01 1.183214e-01
1.069749e-01 1.176111e-01
1.070753e-01 1.169041e-01
1.071758e-01 1.162005e-01
1.072763e-01 1.155003e-01
1.073770e-01 1.148033e-01
1.074778e-01 1.141098e-01
1.075787e-01 1.134197e-01
1.076797e-01 1.127330e-01
1.077807e-01 1.120496e-01
1.078819e-01 1.113698e-01
1.079831e-01 1.106933e-01
1.080845e-01 1.100204e-01
1.081859e-01 1.093509e-01
1.082875e-01 1.086850e-01
1.083891e-01 1.080225e-01
1.084908e-01 1.073636e-01
1.085926e-01 1.067083e-01
1.086946e-01 1.060565e-01
1.087966e-01 1.054083e-01
1.088987e-01 1.047638e-01
1.090009e-01 1.041229e-01
1.091032e-01 1.034857e-01
1.092056e-01 1.028522e-01
1.093081e-01 1.022223e-01
1.094107e-01 1.015963e-01
1.095134e-01 1.009740e-01
1.096162e-01 1.003555e-01
1.097190e-01 9.974079e-02
1.098220e-01 9.912997e-02
1.099251e-01 9.852298e-02
1.100283e-01 9.791995e-02
1.101315e-01 9.732084e-02
1.102349e-01 9.672566e-02
1.103384e-01 9.613451e-02
1.104419e-01 9.554740e-02
1.105456e-01 9.496431e-02
1.106493e-01 9.438534e-02
1.107532e-01 9.381047e-02
1.108571e-01 9.323975e-02
1.109612e-01 9.267328e-02
1.110653e-01 9.211099e-02
1.111696e-01 9.155299e-02
1.112739e-01 9.099927e-02
1.113783e-01 9.044986e-02
1.114829e-01 8.990488e-02
1.115875e-01 8.936426e-02
1.116922e-01 8.882810e-02
1.117971e-01 8.829643e-02
1.119020e-01 8.776930e-02
1.120070e-01 8.724675e-02
1.121121e-01 8.672877e-02
1.122174e-01 8.621545e-02
1.123227e-01 8.570681e-02
1.124281e-01 8.520292e-02
1.125336e-01 8.470377e-02
1.126392e-01 8.420943e-02
1.127450e-01 8.371996e-02
1.128508e-01 8.323536e-02
1.129567e-01 8.275569e-02
1.130627e-01 8.228102e-02
1.131688e-01 8.181137e-02
1.132750e-01 8.134678e-02
1.133814e-01 8.088726e-02
1.134878e-01 8.043291e-02
1.135943e-01 7.998376e-02
1.137009e-01 7.953985e-02
1.138076e-01 7.910119e-02
1.139144e-01 7.866785e-02
1.140214e-01 7.823988e-02
1.141284e-01 7.781732e-02
1.142355e-01 7.740019e-02
1.143427e-01 7.698857e-02
1.144500e-01 7.658246e-02
1.145574e-01 7.618193e-02
1.146650e-01 7.578700e-02
1.147726e-01 7.539772e-02
1.148803e-01 7.501414e-02
1.149881e-01 7.463631e-02
1.150960e-01 7.426422e-02
1.152041e-01 7.389800e-02
1.153122e-01 7.353758e-02
1.154204e-01 7.318307e-02
1.155287e-01 7.283451e-02
1.156372e-01 7.249190e-02
1.157457e-01 7.215529e-02
1.158543e-01 7.182470e-02
1.159631e-01 7.150021e-02
1.160719e-01 7.118182e-02
1.161809e-01 7.086957e-02
1.162899e-01 7.056351e-02
1.163990e-01 7.026365e-02
1.165083e-01 6.997002e-02
1.166176e-01 6.968266e-02
1.167271e-01 6.940161e-02
1.168366e-01 6.912686e-02
1.169463e-01 6.885849e-02
1.170561e-01 6.859649e-02
1.171659e-01 6.834091e-02
1.172759e-01 6.809174e-02
1.173860e-01 6.784903e-02
1.174961e-01 6.761281e-02
1.176064e-01 6.738307e-02
1.177168e-01 6.715985e-02
1.178273e-01 6.694315e-02
1.179379e-01 6.673301e-02
1.180486e-01 6.652943e-02
1.181593e-01 6.633244e-02
1.182702e-01 6.614203e-02
1.183813e-01 6.595822e-02
1.184924e-01 6.578104e-02
1.186036e-01 6.561047e-02
1.187149e-01 6.544654e-02
1.188263e-01 6.528923e-02
1.189378e-01 6.513856e-02
1.190495e-01 6.499454e-02
1.191612e-01 6.485716e-02
1.192730e-01 6.472642e-02
1.193850e-01 6.460232e-02
1.194970e-01 6.448486e-02
1.196092e-01 6.437402e-02
1.197214e-01 6.426980e-02
1.198338e-01 6.417221e-02
1.199463e-01 6.408121e-02
1.200589e-01 6.399681e-02
1.201715e-01 6.391899e-02
1.202843e-01 6.384773e-02
1.203972e-01 6.378301e-02
1.205102e-01 6.372483e-02
1.206233e-01 6.367315e-02
1.207365e-01 6.362795e-02
1.208499e-01 6.358921e-02
1.209633e-01 6.355691e-02
1.210768e-01 6.353101e-02
1.211904e-01 6.351149e-02
1.213042e-01 6.349832e-02
1.214180e-01 6.349146e-02
1.215320e-01 6.349088e-02
1.216461e-01 6.349655e-02
1.217602e-01 6.350842e-02
1.218745e-01 6.352646e-02
1.219889e-01 6.355062e-02
1.221034e-01 6.358086e-02
1.222180e-01 6.361714e-02
1.223327e-01 6.365941e-02
1.224475e-01 6.370764e-02
1.225624e-01 6.376175e-02
1.226775e-01 6.382170e-02
1.227926e-01 6.388744e-02
1.229079e-01 6.395893e-02
1.230232e-01 6.403609e-02
1.231387e-01 6.411888e-02
1.232543e-01 6.420722e-02
1.233699e-01 6.430108e-02
1.234857e-01 6.440037e-02
1.236016e-01 6.450504e-02
1.237176e-01 6.461503e-02
1.238338e-01 6.473026e-02
1.239500e-01 6.485068e-02
1.240663e-01 6.497621e-02
1.241828e-01 6.510679e-02
1.242993e-01 6.524232e-02
1.244160e-01 6.538277e-02
1.245327e-01 6.552803e-02
1.246496e-01 6.567805e-02
1.247666e-01 6.583274e-02
1.248837e-01 6.599202e-02
1.250009e-01 6.615583e-02
1.251182e-01 6.632407e-02
1.252357e-01 6.649668e-02
1.253532e-01 6.667357e-02
1.254709e-01 6.685463e-02
1.255886e-01 6.703983e-02
1.257065e-01 6.722905e-02
1.258245e-01 6.742222e-02
1.259426e-01 6.761926e-02
1.260608e-01 6.782008e-02
1.261791e-01 6.802458e-02
1.262975e-01 6.823266e-02
1.264161e-01 6.844428e-02
1.265347e-01 6.865932e-02
1.266535e-01 6.887769e-02
1.267723e-01 6.909935e-02
1.268913e-01 6.932412e-02
1.270104e-01 6.955200e-02
1.271296e-01 6.978282e-02
1.272489e-01 7.001659e-02
1.273684e-01 7.025313e-02
1.274879e-01 7.049237e-02
1.276076e-01 7.073427e-02
1.277273e-01 7.097866e-02
1.278472e-01 7.122551e-02
1.279672e-01 7.147474e-02
1.280873e-01 7.172620e-02
1.282075e-01 7.197982e-02
1.283279e-01 7.223556e-02
1.284483e-01 7.249326e-02
1.285689e-01 7.275289e-02
1.286895e-01 7.301433e-02
1.288103e-01 7.327748e-02
1.289312e-01 7.354231e-02
1.290522e-01 7.380864e-02
1.291733e-01 7.407648e-02
1.292946e-01 7.434569e-02
1.294159e-01 7.461616e-02
1.295374e-01 7.488789e-02
1.296590e-01 7.516073e-02
1.297807e-01 7.543459e-02
1.299025e-01 7.570944e-02
1.300244e-01 7.598516e-02
1.301464e-01 7.626165e-02
1.302686e-01 7.653891e-02
1.303908e-01 7.681677e-02
1.305132e-01 7.709516e-02
1.306357e-01 7.737410e-02
1.307583e-01 7.765341e-02
1.308810e-01 7.793305e-02
1.310039e-01 7.821294e-02
1.311268e-01 7.849305e-02
1.312499e-01 7.877326e-02
1.313731e-01 7.905351e-02
1.314964e-01 7.933371e-02
1.316198e-01 7.961385e-02
1.317433e-01 7.989382e-02
1.318670e-01 8.017355e-02
1.319908e-01 8.045298e-02
1.321146e-01 8.073209e-02
1.322386e-01 8.101075e-02
1.323627e-01 8.128895e-02
1.324870e-01 8.156662e-02
1.326113e-01 8.184370e-02
1.327358e-01 8.212014e-02
1.328604e-01 8.239584e-02
1.329851e-01 8.267080e-02
1.331099e-01 8.294495e-02
1.332348e-01 8.321824e-02
1.333599e-01 8.349063e-02
1.334850e-01 8.376207e-02
1.336103e-01 8.403251e-02
1.337357e-01 8.430187e-02
1.338612e-01 8.457014e-02
1.339869e-01 8.483732e-02
1.341126e-01 8.510329e-02
1.342385e-01 8.536804e-02
1.343645e-01 8.563155e-02
1.344906e-01 8.589377e-02
1.346168e-01 8.615467e-02
1.347432e-01 8.641422e-02
1.348696e-01 8.667237e-02
1.349962e-01 8.692910e-02
1.351229e-01 8.718438e-02
1.352497e-01 8.743813e-02
1.353767e-01 8.769043e-02
1.355037e-01 8.794118e-02
1.356309e-01 8.819038e-02
1.357582e-01 8.843795e-02
1.358856e-01 8.868395e-02
1.360132e-01 8.892832e-02
1.361408e-01 8.917104e-02
1.362686e-01 8.941208e-02
1.363965e-01 8.965144e-02
1.365245e-01 8.988909e-02
1.366526e-01 9.012502e-02
1.367809e-01 9.035920e-02
1.369093e-01 9.059163e-02
1.370378e-01 9.082229e-02
1.371664e-01 9.105120e-02
1.372951e-01 9.127828e-02
1.374240e-01 9.150359e-02
1.375530e-01 9.172708e-02
1.376821e-01 9.194871e-02
1.378113e-01 9.216853e-02
1.379406e-01 9.238650e-02
1.380701e-01 9.260265e-02
1.381997e-01 9.281690e-02
1.383294e-01 9.302931e-02
1.384592e-01 9.323982e-02
1.385892e-01 9.344846e-02
1.387192e-01 9.365522e-02
1.388494e-01 9.386009e-02
1.389798e-01 9.406304e-02
1.391102e-01 9.426411e-02
1.392408e-01 9.446323e-02
1.393714e-01 9.466048e-02
1.395022e-01 9.485577e-02
1.396332e-01 9.504917e-02
1.397642e-01 9.524064e-02
1.398954e-01 9.543015e-02
1.400267e-01 9.561771e-02
1.401581e-01 9.580334e-02
1.402897e-01 9.598701e-02
1.404213e-01 9.616871e-02
1.405531e-01 9.634846e-02
1.406851e-01 9.652622e-02
1.408171e-01 9.670202e-02
1.409493e-01 9.687582e-02
1.410816e-01 9.704763e-02
1.412140e-01 9.721743e-02
1.413465e-01 9.738521e-02
1.414792e-01 9.755098e-02
1.416120e-01 9.771471e-02
1.417449e-01 9.787642e-02
1.418779e-01 9.803606e-02
1.420111e-01 9.819363e-02
1.421443e-01 9.834912e-02
1.422778e-01 9.850253e-02
1.424113e-01 9.865384e-02
1.425450e-01 9.880303e-02
1.426787e-01 9.895008e-02
1.428126e-01 9.909498e-02
1.429467e-01 9.923772e-02
1.430809e-01 9.937826e-02
1.432151e-01 9.951661e-02
1.433496e-01 9.965274e-02
1.434841e-01 9.978662e-02
1.436188e-01 9.991822e-02
1.437536e-01 1.000476e-01
1.438885e-01 1.001746e-01
1.440235e-01 1.002992e-01
1.441587e-01 1.004216e-01
1.442940e-01 1.005415e-01
1.444294e-01 1.006590e-01
1.445650e-01 1.007741e-01
1.447007e-01 1.008867e-01
1.448365e-01 1.009968e-01
1.449724e-01 1.011044e-01
1.451085e-01 1.012095e-01
1.452447e-01 1.013119e-01
1.453810e-01 1.014117e-01
1.455174e-01 1.015089e-01
1.456540e-01 1.016034e-01
1.457907e-01 1.016951e-01
1.459276e-01 1.017841e-01
1.460645e-01 1.018703e-01
1.462016e-01 1.019536e-01
1.463388e-01 1.020340e-01
1.464762e-01 1.021116e-01
1.466136e-01 1.021862e-01
1.467513e-01 1.022578e-01
1.468890e-01 1.023263e-01
1.470269e-01 1.023918e-01
1.471648e-01 1.024542e-01
1.473030e-01 1.025134e-01
1.474412e-01 1.025694e-01
1.475796e-01 1.026221e-01
1.477181e-01 1.026716e-01
1.478568e-01 1.027177e-01
1.479955e-01 1.027605e-01
1.481344e-01 1.027998e-01
1.482735e-01 1.028356e-01
1.484126e-01 1.028680e-01
1.485519e-01 1.028968e-01
1.486913e-01 1.029220e-01
1.488309e-01 1.029436e-01
1.489706e-01 1.029615e-01
1.491104e-01 1.029756e-01
1.492503e-01 1.029860e-01
1.493904e-01 1.029926e-01
1.495306e-01 1.029953e-01
1.496710e-01 1.029941e-01
1.498115e-01 1.029890e-01
1.499521e-01 1.029799e-01
1.500928e-01 1.029667e-01
1.502337e-01 1.029496e-01
1.503747e-01 1.029283e-01
1.505158e-01 1.029029e-01
1.506571e-01 1.028733e-01
1.507985e-01 1.028395e-01
1.509400e-01 1.028014e-01
1.510817e-01 1.027591e-01
1.512235e-01 1.027125e-01
1.513654e-01 1.026615e-01
1.515075e-01 1.026062e-01
1.516497e-01 1.025464e-01
1.517920e-01 1.024823e-01
1.519345e-01 1.024137e-01
1.520771e-01 1.023406e-01
1.522198e-01 1.022630e-01
1.523627e-01 1.021809e-01
1.525057e-01 1.020942e-01
1.526488e-01 1.020030e-01
1.527921e-01 1.019072e-01
1.529355e-01 1.018068e-01
1.530790e-01 1.017019e-01
1.532227e-01 1.015923e-01
1.533665e-01 1.014781e-01
1.535104e-01 1.013593e-01
1.536545e-01 1.012358e-01
1.537987e-01 1.011078e-01
1.539431e-01 1.009751e-01
1.540876e-01 1.008378e-01
1.542322e-01 1.006958e-01
1.543769e-01 1.005493e-01
1.545218e-01 1.003982e-01
1.546669e-01 1.002424e-01
1.548120e-01 1.000821e-01
1.549573e-01 9.991727e-02
1.551028e-01 9.974787e-02
1.552483e-01 9.957396e-02
1.553940e-01 9.939555e-02
1.555399e-01 9.921270e-02
1.556859e-01 9.902540e-02
1.558320e-01 9.883370e-02
1.559782e-01 9.863765e-02
1.561246e-01 9.843726e-02
1.562712e-01 9.823258e-02
1.564178e-01 9.802366e-02
1.565646e-01 9.781053e-02
1.567116e-01 9.759326e-02
1.568587e-01 9.737187e-02
1.570059e-01 9.714645e-02
1.571533e-01 9.691704e-02
1.573008e-01 9.668365e-02
1.574484e-01 9.644640e-02
1.575962e-01 9.620536e-02
1.577441e-01 9.596054e-02
1.578921e-01 9.571207e-02
1.580403e-01 9.545996e-02
1.581886e-01 9.520432e-02
1.583371e-01 9.494521e-02
1.584857e-01 9.468270e-02
1.586345e-01 9.441690e-02
1.587834e-01 9.414785e-02
1.589324e-01 9.387567e-02
1.590816e-01 9.360043e-02
1.592309e-01 9.332221e-02
1.593803e-01 9.304110e-02
1.595299e-01 9.275720e-02
1.596796e-01 9.247060e-02
1.598295e-01 9.218138e-02
1.599795e-01 9.188967e-02
1.601297e-01 9.159556e-02
1.602799e-01 9.129911e-02
1.604304e-01 9.100048e-02
1.605809e-01 9.069972e-02
1.607317e-01 9.039697e-02
1.608825e-01 9.009230e-02
1.610335e-01 8.978587e-02
1.611847e-01 8.947773e-02
1.613359e-01 8.916804e-02
1.614874e-01 8.885687e-02
1.616389e-01 8.854435e-02
1.617906e-01 8.823057e-02
1.619425e-01 8.791566e-02
1.620945e-01 8.759974e-02
1.622466e-01 8.728293e-02
1.623989e-01 8.696528e-02
1.625513e-01 8.664700e-02
1.627039e-01 8.632812e-02
1.628566e-01 8.600880e-02
1.630094e-01 8.568917e-02
1.631624e-01 8.536928e-02
1.633156e-01 8.504932e-02
1.634688e-01 8.472933e-02
1.636223e-01 8.440948e-02
1.637758e-01 8.408985e-02
1.639295e-01 8.377058e-02
1.640834e-01 8.345174e-02
1.642374e-01 8.313351e-02
1.643915e-01 8.281593e-02
1.645458e-01 8.249916e-02
1.647003e-01 8.218327e-02
1.648549e-01 8.186839e-02
1.650096e-01 8.155465e-02
1.651645e-01 8.124208e-02
1.653195e-01 8.093086e-02
1.654746e-01 8.062109e-02
1.656299e-01 8.031282e-02
1.657854e-01 8.000619e-02
1.659410e-01 7.970128e-02
1.660967e-01 7.939820e-02
1.662526e-01 7.909702e-02
1.664087e-01 7.879788e-02
1.665648e-01 7.850081e-02
1.667212e-01 7.820596e-02
1.668777e-01 7.791338e-02
1.670343e-01 7.762316e-02
1.671910e-01 7.733542e-02
1.673480e-01 7.705018e-02
1.675050e-01 7.676757e-02
1.676622e-01 7.648761e-02
1.678196e-01 7.621045e-02
1.679771e-01 7.593609e-02
1.681348e-01 7.566466e-02
1.682926e-01 7.539618e-02
1.684505e-01 7.513074e-02
1.686086e-01 7.486839e-02
1.687669e-01 7.460919e-02
1.689253e-01 7.435321e-02
1.690838e-01 7.410049e-02
1.692425e-01 7.385109e-02
1.694014e-01 7.360506e-02
1.695603e-01 7.336246e-02
1.697195e-01 7.312330e-02
1.698788e-01 7.288764e-02
1.700382e-01 7.265552e-02
1.701978e-01 7.242697e-02
1.703576e-01 7.220204e-02
1.705174e-01 7.198074e-02
1.706775e-01 7.176311e-02
1.708377e-01 7.154918e-02
1.709980e-01 7.133894e-02
1.711585e-01 7.113246e-02
1.713191e-01 7.092973e-02
1.714799e-01 7.073077e-02
1.716409e-01 7.053557e-02
1.718020e-01 7.034418e-02
1.719632e-01 7.015659e-02
1.721246e-01 6.997280e-02
1.722862e-01 6.979284e-02
1.724479e-01 6.961666e-02
1.726097e-01 6.944432e-02
1.727717e-01 6.927576e-02
1.729339e-01 6.911101e-02
1.730962e-01 6.895003e-02
1.732587e-01 6.879286e-02
1.734213e-01 6.863945e-02
1.735840e-01 6.848979e-02
1.737469e-01 6.834387e-02
1.739100e-01 6.820167e-02
1.740732e-01 6.806318e-02
1.742366e-01 6.792837e-02
1.744002e-01 6.779722e-02
1.745638e-01 6.766970e-02
1.747277e-01 6.754579e-02
1.748917e-01 6.742547e-02
1.750558e-01 6.730868e-02
1.752201e-01 6.719543e-02
1.753846e-01 6.708567e-02
1.755492e-01 6.697936e-02
1.757139e-01 6.687648e-02
1.758789e-01 6.677700e-02
1.760439e-01 6.668087e-02
1.762092e-01 6.658805e-02
1.763745e-01 6.649852e-02
1.765401e-01 6.641223e-02
1.767058e-01 6.632915e-02
1.768716e-01 6.624924e-02
1.770376e-01 6.617243e-02
1.772038e-01 6.609874e-02
1.773701e-01 6.602808e-02
1.775366e-01 6.596042e-02
1.777032e-01 6.589573e-02
1.778700e-01 6.583396e-02
1.780369e-01 6.577507e-02
1.782040e-01 6.571902e-02
1.783713e-01 6.566576e-02
1.785387e-01 6.561526e-02
1.787063e-01 6.556747e-02
1.788740e-01 6.552236e-02
1.790419e-01 6.547988e-02
1.792099e-01 6.543998e-02
1.793781e-01 6.540263e-02
1.795465e-01 6.536779e-02
1.797150e-01 6.533542e-02
1.798836e-01 6.530548e-02
1.800525e-01 6.527793e-02
1.802215e-01 6.525272e-02
1.803906e-01 6.522983e-02
1.805599e-01 6.520921e-02
1.807294e-01 6.519083e-02
1.808990e-01 6.517465e-02
1.810688e-01 6.516063e-02
1.812387e-01 6.514874e-02
1.814088e-01 6.513895e-02
1.815791e-01 6.513121e-02
1.817495e-01 6.512550e-02
1.819201e-01 6.512179e-02
1.820909e-01 6.512004e-02
1.822618e-01 6.512023e-02
1.824328e-01 6.512230e-02
1.826040e-01 6.512625e-02
1.827754e-01 6.513204e-02
1.829470e-01 6.513965e-02
1.831187e-01 6.514904e-02
1.832905e-01 6.516018e-02
1.834626e-01 6.517306e-02
1.836348e-01 6.518763e-02
1.838071e-01 6.520389e-02
1.839796e-01 6.522181e-02
1.841523e-01 6.524134e-02
1.843251e-01 6.526250e-02
1.844981e-01 6.528523e-02
1.846713e-01 6.530952e-02
1.848446e-01 6.533535e-02
1.850181e-01 6.536270e-02
1.851918e-01 6.539154e-02
1.853656e-01 6.542185e-02
1.855395e-01 6.545362e-02
1.857137e-01 6.548683e-02
1.858880e-01 6.552144e-02
1.860625e-01 6.555744e-02
1.862371e-01 6.559482e-02
1.864119e-01 6.563355e-02
1.865868e-01 6.567361e-02
1.867620e-01 6.571499e-02
1.869372e-01 6.575765e-02
1.871127e-01 6.580159e-02
1.872883e-01 6.584678e-02
1.874641e-01 6.589322e-02
1.876400e-01 6.594085e-02
1.878162e-01 6.598969e-02
1.879924e-01 6.603969e-02
1.881689e-01 6.609085e-02
1.883455e-01 6.614313e-02
1.885223e-01 6.619653e-02
1.886992e-01 6.625100e-02
1.888763e-01 6.630655e-02
1.890536e-01 6.636313e-02
1.892310e-01 6.642072e-02
1.894086e-01 6.647931e-02
1.895864e-01 6.653887e-02
1.897643e-01 6.659937e-02
1.899424e-01 6.666078e-02
1.901207e-01 6.672309e-02
1.902991e-01 6.678623e-02
1.904777e-01 6.685024e-02
1.906565e-01 6.691505e-02
1.908355e-01 6.698062e-02
1.910146e-01 6.704693e-02
1.911938e-01 6.711396e-02
1.913733e-01 6.718168e-02
1.915529e-01 6.725003e-02
1.917327e-01 6.731900e-02
1.919126e-01 6.738854e-02
1.920928e-01 6.745863e-02
1.922730e-01 6.752923e-02
1.924535e-01 6.760029e-02
1.926341e-01 6.767178e-02
1.928149e-01 6.774367e-02
1.929959e-01 6.781591e-02
1.931770e-01 6.788846e-02
1.933583e-01 6.796127e-02
1.935398e-01 6.803432e-02
1.937215e-01 6.810755e-02
1.939033e-01 6.818092e-02
1.940853e-01 6.825440e-02
1.942674e-01 6.832792e-02
1.944498e-01 6.840145e-02
1.946323e-01 6.847494e-02
1.948149e-01 6.854835e-02
1.949978e-01 6.862162e-02
1.951808e-01 6.869471e-02
1.953640e-01 6.876758e-02
1.955474e-01 6.884017e-02
1.957309e-01 6.891244e-02
1.959146e-01 6.898433e-02
1.960985e-01 6.905579e-02
1.962825e-01 6.912679e-02
1.964667e-01 6.919726e-02
1.966511e-01 6.926716e-02
1.968357e-01 6.933644e-02
1.970204e-01 6.940505e-02
1.972054e-01 6.947294e-02
1.973904e-01 6.954006e-02
1.975757e-01 6.960637e-02
1.977611e-01 6.967180e-02
1.979468e-01 6.973632e-02
1.981325e-01 6.979989e-02
1.983185e-01 6.986243e-02
1.985046e-01 6.992392e-02
1.986909e-01 6.998431e-02
1.988774e-01 7.004356e-02
1.990641e-01 7.010161e-02
1.992509e-01 7.015842e-02
1.994379e-01 7.021395e-02
1.996251e-01 7.026816e-02
1.998125e-01 7.032101e-02
2.000000e-01 7.037246e-02
