<X> <Y> <dY> <dX>
6.688960000000000e-04 2.601350000000000e+12 5.475070000000000e+13 3.350070000000000e+13
1.337790000000000e-03 2.565730000000000e+12 5.400330000000000e+13 3.304370000000000e+13
2.006690000000000e-03 2.507250000000000e+12 5.277610000000000e+13 3.229330000000000e+13
2.675590000000000e-03 2.427210000000000e+12 5.109630000000000e+13 3.126620000000000e+13
3.344480000000000e-03 2.327370000000000e+12 4.900080000000000e+13 2.998500000000000e+13
4.013380000000000e-03 2.209900000000000e+12 4.653510000000000e+13 2.847730000000000e+13
4.682270000000000e-03 2.077330000000000e+12 4.375190000000000e+13 2.677540000000000e+13
5.351170000000000e-03 1.932440000000000e+12 4.070950000000000e+13 2.491490000000000e+13
6.020070000000000e-03 1.778200000000000e+12 3.747030000000000e+13 2.293400000000000e+13
6.688960000000000e-03 1.617690000000000e+12 3.409860000000000e+13 2.087200000000000e+13
7.357860000000000e-03 1.453990000000000e+12 3.065930000000000e+13 1.876840000000000e+13
8.026760000000001e-03 1.290140000000000e+12 2.721550000000000e+13 1.666200000000000e+13
8.695649999999999e-03 1.128990000000000e+12 2.382760000000000e+13 1.458960000000000e+13
9.364549999999999e-03 9.732020000000000e+11 2.055090000000000e+13 1.258500000000000e+13
1.003340000000000e-02 8.251250000000000e+11 1.743520000000000e+13 1.067870000000000e+13
1.070230000000000e-02 6.867850000000000e+11 1.452290000000000e+13 8.896670000000000e+12
1.137120000000000e-02 5.598300000000000e+11 1.184880000000000e+13 7.260110000000000e+12
1.204010000000000e-02 4.455060000000000e+11 9.439090000000000e+12 5.785160000000000e+12
1.270900000000000e-02 3.446490000000000e+11 7.311610000000000e+12 4.482690000000000e+12
1.337790000000000e-02 2.576870000000000e+11 5.475510000000000e+12 3.358340000000000e+12
1.404680000000000e-02 1.846550000000000e+11 3.931750000000000e+12 2.412740000000000e+12
1.471570000000000e-02 1.252240000000000e+11 2.673670000000000e+12 1.641840000000000e+12
1.538460000000000e-02 7.873900000000000e+10 1.687750000000000e+12 1.037430000000000e+12
1.605350000000000e-02 4.426530000000000e+10 9.545800000000000e+11 5.876500000000000e+11
1.672240000000000e-02 2.064050000000000e+10 4.499660000000000e+11 2.777520000000000e+11
1.739130000000000e-02 6.531760000000000e+09 1.460980000000000e+11 9.075410000000000e+10
1.806020000000000e-02 4.932180000000000e+08 1.276250000000000e+10 8.202440000000000e+09
1.872910000000000e-02 1.023900000000000e+09 1.854780000000000e+10 1.090430000000000e+10
1.939800000000000e-02 6.622310000000000e+09 1.319870000000000e+11 7.962710000000000e+10
2.006690000000000e-02 1.583670000000000e+10 3.226120000000000e+11 1.957430000000000e+11
2.073580000000000e-02 2.730910000000000e+10 5.618820000000000e+11 3.417940000000000e+11
2.140470000000000e-02 3.981230000000000e+10 8.239570000000000e+11 5.019700000000000e+11
2.207360000000000e-02 5.227870000000000e+10 1.086310000000000e+12 6.624760000000000e+11
2.274250000000000e-02 6.381960000000000e+10 1.330130000000000e+12 8.117960000000000e+11
2.341140000000000e-02 7.373740000000000e+10 1.540620000000000e+12 9.408440000000000e+11
2.408030000000000e-02 8.152800000000000e+10 1.707000000000000e+12 1.043010000000000e+12
2.474920000000000e-02 8.687570000000000e+10 1.822440000000000e+12 1.114080000000000e+12
2.541810000000000e-02 8.964170000000000e+10 1.883840000000000e+12 1.152140000000000e+12
2.608700000000000e-02 8.984620000000000e+10 1.891440000000000e+12 1.157300000000000e+12
2.675590000000000e-02 8.764590000000000e+10 1.848350000000000e+12 1.131430000000000e+12
2.742470000000000e-02 8.330840000000000e+10 1.760050000000000e+12 1.077870000000000e+12
2.809360000000000e-02 7.718510000000000e+10 1.633790000000000e+12 1.001020000000000e+12
2.876250000000000e-02 6.968270000000000e+10 1.478010000000000e+12 9.060480000000000e+11
2.943140000000000e-02 6.123670000000000e+10 1.301820000000000e+12 7.984920000000000e+11
3.010030000000000e-02 5.228560000000000e+10 1.114380000000000e+12 6.839640000000000e+11
3.076920000000000e-02 4.324830000000000e+10 9.245050000000000e+11 5.678530000000000e+11
3.143810000000000e-02 3.450560000000000e+10 7.402340000000000e+11 4.550750000000000e+11
3.210700000000000e-02 2.638500000000000e+10 5.685040000000000e+11 3.498860000000000e+11
3.277590000000000e-02 1.914970000000000e+10 4.149340000000000e+11 2.557310000000000e+11
3.344480000000000e-02 1.299290000000000e+10 2.836800000000000e+11 1.751710000000000e+11
3.411370000000000e-02 8.035220000000000e+09 1.773880000000000e+11 1.098400000000000e+11
3.478260000000000e-02 4.326510000000000e+09 9.722500000000000e+10 6.046870000000000e+10
3.545150000000000e-02 1.851060000000000e+09 4.297340000000000e+10 2.694210000000000e+10
3.612040000000000e-02 5.353180000000000e+08 1.319580000000000e+10 8.397970000000000e+09
3.678930000000000e-02 2.578560000000000e+08 5.436140000000000e+09 3.349010000000000e+09
3.745820000000000e-02 8.606360000000000e+08 1.645270000000000e+10 9.825270000000000e+09
3.812710000000000e-02 2.160970000000000e+09 4.246670000000000e+10 2.552530000000000e+10
3.879600000000000e-02 3.963450000000000e+09 7.941100000000000e+10 4.796800000000000e+10
3.946490000000000e-02 6.071290000000000e+09 1.231670000000000e+11 7.463770000000000e+10
4.013380000000000e-02 8.296460000000000e+09 1.697800000000000e+11 1.031160000000000e+11
4.080270000000000e-02 1.046840000000000e+10 2.156420000000000e+11 1.311910000000000e+11
4.147160000000000e-02 1.244090000000000e+10 2.576370000000000e+11 1.569540000000000e+11
4.214050000000000e-02 1.409670000000000e+10 2.932500000000000e+11 1.788570000000000e+11
4.280940000000000e-02 1.535070000000000e+10 3.206230000000000e+11 1.957530000000000e+11
4.347830000000000e-02 1.615050000000000e+10 3.385850000000000e+11 2.069160000000000e+11
4.414720000000000e-02 1.647560000000000e+10 3.466290000000000e+11 2.120250000000000e+11
4.481610000000000e-02 1.633450000000000e+10 3.448670000000000e+11 2.111350000000000e+11
4.548490000000000e-02 1.576170000000000e+10 3.339520000000000e+11 2.046380000000000e+11
4.615380000000000e-02 1.481200000000000e+10 3.149820000000000e+11 1.931940000000000e+11
4.682270000000000e-02 1.355590000000000e+10 2.893910000000000e+11 1.776730000000000e+11
4.749160000000000e-02 1.207370000000000e+10 2.588320000000000e+11 1.590810000000000e+11
4.816050000000000e-02 1.045000000000000e+10 2.250650000000000e+11 1.384910000000000e+11
4.882940000000000e-02 8.768690000000000e+09 1.898470000000000e+11 1.169760000000000e+11
4.949830000000000e-02 7.108460000000000e+09 1.548390000000000e+11 9.555260000000000e+10
5.016720000000000e-02 5.538910000000000e+09 1.215230000000000e+11 7.513060000000000e+10
5.083610000000000e-02 4.117850000000000e+09 9.114580000000000e+10 5.647580000000000e+10
5.150500000000000e-02 2.889430000000000e+09 6.467110000000000e+10 4.018430000000000e+10
5.217390000000000e-02 1.883150000000000e+09 4.276320000000000e+10 2.666860000000000e+10
5.284280000000000e-02 1.113970000000000e+09 2.578160000000000e+10 1.615570000000000e+10
5.351170000000000e-02 5.830220000000000e+08 1.379590000000000e+10 8.695320000000000e+09
5.418060000000000e-02 2.791200000000000e+08 6.614140000000000e+09 4.176840000000000e+09
5.484950000000000e-02 1.807600000000000e+08 3.822700000000000e+09 2.353470000000000e+09
5.551840000000000e-02 2.584510000000000e+08 4.833650000000000e+09 2.870850000000000e+09
5.618730000000000e-02 4.772400000000000e+08 8.936440000000000e+09 5.298430000000000e+09
5.685620000000000e-02 7.992440000000000e+08 1.535050000000000e+10 9.161510000000000e+09
5.752510000000000e-02 1.186070000000000e+09 2.327550000000000e+10 1.397200000000000e+10
5.819400000000000e-02 1.600970000000000e+09 3.193730000000000e+10 1.925640000000000e+10
5.886290000000000e-02 2.010650000000000e+09 4.062670000000000e+10 2.457970000000000e+10
5.953180000000000e-02 2.386700000000000e+09 4.873000000000000e+10 2.956410000000000e+10
6.020070000000000e-02 2.706540000000000e+09 5.575100000000000e+10 3.390300000000000e+10
6.086960000000000e-02 2.953960000000000e+09 6.132330000000000e+10 3.736830000000000e+10
6.153850000000000e-02 3.119190000000000e+09 6.521410000000000e+10 3.981350000000000e+10
6.220740000000000e-02 3.198640000000000e+09 6.732000000000000e+10 4.117080000000000e+10
6.287630000000000e-02 3.194280000000000e+09 6.765600000000000e+10 4.144500000000000e+10
6.354520000000000e-02 3.112820000000000e+09 6.633840000000000e+10 4.070370000000000e+10
6.421399999999999e-02 2.964640000000000e+09 6.356570000000000e+10 3.906450000000000e+10
6.488289999999999e-02 2.762740000000000e+09 5.959520000000000e+10 3.668240000000000e+10
6.555179999999999e-02 2.521600000000000e+09 5.472080000000000e+10 3.373520000000000e+10
6.622069999999999e-02 2.256120000000000e+09 4.925060000000000e+10 3.041020000000000e+10
6.688959999999999e-02 1.980690000000000e+09 4.348700000000000e+10 2.689240000000000e+10
6.755849999999999e-02 1.708390000000000e+09 3.770970000000000e+10 2.335330000000000e+10
6.822739999999999e-02 1.450360000000000e+09 3.216220000000000e+10 1.994310000000000e+10
6.889629999999999e-02 1.215440000000000e+09 2.704250000000000e+10 1.678480000000000e+10
6.956519999999999e-02 1.009900000000000e+09 2.249720000000000e+10 1.397040000000000e+10
7.023409999999999e-02 8.374660000000000e+08 1.862060000000000e+10 1.155990000000000e+10
7.090299999999999e-02 6.994170000000000e+08 1.545580000000000e+10 9.582330000000000e+09
7.157189999999999e-02 5.948660000000000e+08 1.299980000000000e+10 8.038380000000000e+09
7.224079999999999e-02 5.211300000000000e+08 1.121020000000000e+10 6.904420000000000e+09
7.290969999999999e-02 4.741550000000000e+08 1.001350000000000e+10 6.137530000000000e+09
7.357859999999999e-02 4.489780000000000e+08 9.314390000000000e+09 5.680990000000000e+09
7.424749999999999e-02 4.401750000000000e+08 9.004940000000000e+09 5.469840000000000e+09
7.491639999999999e-02 4.422830000000000e+08 8.973100000000000e+09 5.436150000000000e+09
7.558529999999999e-02 4.501610000000000e+08 9.110500000000000e+09 5.513770000000000e+09
7.625419999999999e-02 4.592750000000000e+08 9.318820000000000e+09 5.642180000000000e+09
7.692309999999999e-02 4.659120000000000e+08 9.514510000000000e+09 5.769530000000000e+09
7.759199999999999e-02 4.672940000000000e+08 9.631900000000000e+09 5.854580000000000e+09
7.826089999999999e-02 4.616280000000000e+08 9.624660000000000e+09 5.867650000000000e+09
7.892979999999999e-02 4.480690000000000e+08 9.465770000000000e+09 5.790770000000000e+09
7.959869999999999e-02 4.266320000000000e+08 9.146190000000000e+09 5.616890000000000e+09
8.026759999999999e-02 3.980490000000000e+08 8.672470000000000e+09 5.348590000000000e+09
8.093649999999999e-02 3.636060000000000e+08 8.063780000000000e+09 4.996260000000000e+09
8.160539999999999e-02 3.249550000000000e+08 7.348370000000000e+09 4.576060000000000e+09
8.227420000000001e-02 2.839370000000000e+08 6.560060000000000e+09 4.107800000000000e+09
8.294310000000001e-02 2.424070000000000e+08 5.734820000000000e+09 3.612880000000000e+09
8.361200000000001e-02 2.020950000000000e+08 4.907720000000000e+09 3.112460000000000e+09
8.428090000000001e-02 1.644830000000000e+08 4.110460000000000e+09 2.625890000000000e+09
8.494980000000001e-02 1.307330000000000e+08 3.369510000000000e+09 2.169600000000000e+09
8.561870000000001e-02 1.016400000000000e+08 2.704920000000000e+09 1.756310000000000e+09
8.628760000000001e-02 7.761910000000000e+07 2.129790000000000e+09 1.394670000000000e+09
8.695650000000001e-02 5.873070000000000e+07 1.650360000000000e+09 1.089270000000000e+09
8.762540000000001e-02 4.472410000000000e+07 1.266670000000000e+09 8.409500000000000e+08
8.829430000000001e-02 3.510110000000000e+07 9.734650000000000e+08 6.473420000000000e+08
8.896320000000001e-02 2.919080000000000e+07 7.615310000000000e+08 5.036160000000000e+08
8.963210000000001e-02 2.622780000000000e+07 6.190480000000000e+08 4.032650000000000e+08
9.030100000000001e-02 2.542780000000000e+07 5.329920000000000e+08 3.389330000000000e+08
9.096990000000001e-02 2.605510000000000e+07 4.904190000000000e+08 3.031690000000000e+08
9.163880000000001e-02 2.747730000000000e+07 4.795600000000000e+08 2.890870000000000e+08
9.230770000000001e-02 2.920510000000000e+07 4.906560000000000e+08 2.908720000000000e+08
9.297660000000001e-02 3.091560000000000e+07 5.165080000000000e+08 3.041240000000000e+08
9.364550000000001e-02 3.245850000000000e+07 5.527280000000000e+08 3.260200000000000e+08
9.431440000000001e-02 3.384770000000000e+07 5.977040000000000e+08 3.553200000000000e+08
9.498330000000001e-02 3.523940000000000e+07 6.523180000000000e+08 3.922200000000000e+08
9.565220000000001e-02 3.690060000000000e+07 7.194700000000000e+08 4.380820000000000e+08
9.632110000000001e-02 3.917100000000000e+07 8.034510000000000e+08 4.950880000000000e+08
9.699000000000001e-02 4.242090000000000e+07 9.092460000000000e+08 5.658360000000000e+08
9.765890000000001e-02 4.701110000000000e+07 1.041820000000000e+09 6.529300000000000e+08
9.832780000000001e-02 5.325390000000000e+07 1.205440000000000e+09 7.585870000000000e+08
9.899670000000001e-02 6.138190000000000e+07 1.403090000000000e+09 8.842940000000000e+08
9.966559999999999e-02 7.152290000000000e+07 1.636020000000000e+09 1.030540000000000e+09
1.003340000000000e-01 8.368440000000000e+07 1.903400000000000e+09 1.196620000000000e+09
1.010030000000000e-01 9.774640000000000e+07 2.202230000000000e+09 1.380560000000000e+09
1.016720000000000e-01 1.134640000000000e+08 2.527280000000000e+09 1.579130000000000e+09
1.023410000000000e-01 1.304790000000000e+08 2.871340000000000e+09 1.787910000000000e+09
1.030100000000000e-01 1.483360000000000e+08 3.225460000000000e+09 2.001510000000000e+09
1.036790000000000e-01 1.665040000000000e+08 3.579390000000000e+09 2.213760000000000e+09
1.043480000000000e-01 1.844070000000000e+08 3.922090000000000e+09 2.418060000000000e+09
1.050170000000000e-01 2.014520000000000e+08 4.242230000000000e+09 2.607680000000000e+09
1.056860000000000e-01 2.170570000000000e+08 4.528790000000000e+09 2.776050000000000e+09
1.063550000000000e-01 2.306780000000000e+08 4.771610000000000e+09 2.917180000000000e+09
1.070230000000000e-01 2.418400000000000e+08 4.961860000000000e+09 3.025880000000000e+09
1.076920000000000e-01 2.501540000000000e+08 5.092530000000000e+09 3.098060000000000e+09
1.083610000000000e-01 2.553390000000000e+08 5.158750000000000e+09 3.130970000000000e+09
1.090300000000000e-01 2.572320000000000e+08 5.158100000000000e+09 3.123310000000000e+09
1.096990000000000e-01 2.557950000000000e+08 5.090720000000000e+09 3.075360000000000e+09
1.103680000000000e-01 2.511210000000000e+08 4.959410000000000e+09 2.989030000000000e+09
1.110370000000000e-01 2.434270000000000e+08 4.769520000000000e+09 2.867740000000000e+09
1.117060000000000e-01 2.330460000000000e+08 4.528800000000000e+09 2.716400000000000e+09
1.123750000000000e-01 2.204170000000000e+08 4.247110000000000e+09 2.541160000000000e+09
1.130430000000000e-01 2.060650000000000e+08 3.936070000000000e+09 2.349270000000000e+09
1.137120000000000e-01 1.905830000000000e+08 3.608580000000000e+09 2.148690000000000e+09
1.143810000000000e-01 1.746060000000000e+08 3.278370000000000e+09 1.947900000000000e+09
1.150500000000000e-01 1.587900000000000e+08 2.959400000000000e+09 1.755450000000000e+09
1.157190000000000e-01 1.437840000000000e+08 2.665310000000000e+09 1.579680000000000e+09
1.163880000000000e-01 1.302040000000000e+08 2.408840000000000e+09 1.428320000000000e+09
1.170570000000000e-01 1.186080000000000e+08 2.201320000000000e+09 1.308200000000000e+09
1.177260000000000e-01 1.094740000000000e+08 2.052110000000000e+09 1.224900000000000e+09
1.183950000000000e-01 1.031810000000000e+08 1.968220000000000e+09 1.182510000000000e+09
1.190640000000000e-01 9.998770000000000e+07 1.953950000000000e+09 1.183430000000000e+09
1.197320000000000e-01 1.000250000000000e+08 2.010660000000000e+09 1.228210000000000e+09
1.204010000000000e-01 1.032870000000000e+08 2.136680000000000e+09 1.315530000000000e+09
1.210700000000000e-01 1.096300000000000e+08 2.327290000000000e+09 1.442190000000000e+09
1.217390000000000e-01 1.187760000000000e+08 2.574930000000000e+09 1.603220000000000e+09
1.224080000000000e-01 1.303250000000000e+08 2.869430000000000e+09 1.792110000000000e+09
1.230770000000000e-01 1.437710000000000e+08 3.198480000000000e+09 2.001020000000000e+09
1.237460000000000e-01 1.585180000000000e+08 3.548110000000000e+09 2.221160000000000e+09
1.244150000000000e-01 1.739150000000000e+08 3.903320000000000e+09 2.443150000000000e+09
1.250840000000000e-01 1.892720000000000e+08 4.248730000000000e+09 2.657430000000000e+09
1.257530000000000e-01 2.039030000000000e+08 4.569270000000000e+09 2.854710000000000e+09
1.264210000000000e-01 2.171470000000000e+08 4.850870000000000e+09 3.026390000000000e+09
1.270900000000000e-01 2.284040000000000e+08 5.081130000000000e+09 3.164950000000000e+09
1.277590000000000e-01 2.371570000000000e+08 5.249840000000000e+09 3.264310000000000e+09
1.284280000000000e-01 2.430030000000000e+08 5.349500000000000e+09 3.320100000000000e+09
1.290970000000000e-01 2.456630000000000e+08 5.375650000000000e+09 3.329860000000000e+09
1.297660000000000e-01 2.449980000000000e+08 5.327020000000000e+09 3.293140000000000e+09
1.304350000000000e-01 2.410180000000000e+08 5.205610000000000e+09 3.211510000000000e+09
1.311040000000000e-01 2.338700000000000e+08 5.016540000000000e+09 3.088480000000000e+09
1.317730000000000e-01 2.238410000000000e+08 4.767750000000000e+09 2.929260000000000e+09
1.324410000000000e-01 2.113310000000000e+08 4.469590000000000e+09 2.740520000000000e+09
1.331100000000000e-01 1.968420000000000e+08 4.134250000000000e+09 2.530000000000000e+09
1.337790000000000e-01 1.809420000000000e+08 3.775140000000000e+09 2.306150000000000e+09
1.344480000000000e-01 1.642430000000000e+08 3.406190000000000e+09 2.077650000000000e+09
1.351170000000000e-01 1.473660000000000e+08 3.041150000000000e+09 1.853010000000000e+09
1.357860000000000e-01 1.309110000000000e+08 2.692870000000000e+09 1.640100000000000e+09
1.364550000000000e-01 1.154270000000000e+08 2.372740000000000e+09 1.445820000000000e+09
1.371240000000000e-01 1.013880000000000e+08 2.090100000000000e+09 1.275730000000000e+09
1.377930000000000e-01 8.917170000000000e+07 1.851850000000000e+09 1.133850000000000e+09
1.384620000000000e-01 7.904050000000000e+07 1.662230000000000e+09 1.022480000000000e+09
1.391300000000000e-01 7.113740000000000e+07 1.522650000000000e+09 9.421920000000000e+08
1.397990000000000e-01 6.548200000000000e+07 1.431780000000000e+09 8.918300000000000e+08
1.404680000000000e-01 6.197610000000000e+07 1.385750000000000e+09 8.686960000000000e+08
1.411370000000000e-01 6.041490000000000e+07 1.378500000000000e+09 8.687570000000000e+08
1.418060000000000e-01 6.050440000000000e+07 1.402220000000000e+09 8.869530000000000e+08
1.424750000000000e-01 6.188270000000000e+07 1.447910000000000e+09 9.175420000000000e+08
1.431440000000000e-01 6.414460000000000e+07 1.505970000000000e+09 9.544770000000000e+08
1.438130000000000e-01 6.686760000000000e+07 1.566800000000000e+09 9.917850000000000e+08
1.444820000000000e-01 6.963750000000000e+07 1.621400000000000e+09 1.023930000000000e+09
1.451510000000000e-01 7.207300000000000e+07 1.661860000000000e+09 1.046140000000000e+09
1.458190000000000e-01 7.384670000000000e+07 1.681840000000000e+09 1.054660000000000e+09
1.464880000000000e-01 7.470190000000000e+07 1.676860000000000e+09 1.046950000000000e+09
1.471570000000000e-01 7.446480000000000e+07 1.644510000000000e+09 1.021800000000000e+09
1.478260000000000e-01 7.305020000000000e+07 1.584500000000000e+09 9.793240000000000e+08
1.484950000000000e-01 7.046220000000000e+07 1.498600000000000e+09 9.209290000000000e+08
1.491640000000000e-01 6.678890000000000e+07 1.390420000000000e+09 8.491500000000000e+08
1.498330000000000e-01 6.219210000000000e+07 1.265080000000000e+09 7.674420000000000e+08
1.505020000000000e-01 5.689270000000000e+07 1.128830000000000e+09 6.799180000000000e+08
1.511710000000000e-01 5.115320000000000e+07 9.885990000000000e+08 5.910480000000000e+08
1.518390000000000e-01 4.525820000000000e+07 8.514600000000000e+08 5.053460000000000e+08
1.525080000000000e-01 3.949420000000000e+07 7.241890000000000e+08 4.270650000000000e+08
1.531770000000000e-01 3.413030000000000e+07 6.127990000000000e+08 3.599180000000000e+08
1.538460000000000e-01 2.940100000000000e+07 5.221640000000000e+08 3.068410000000000e+08
1.545150000000000e-01 2.549190000000000e+07 4.557160000000000e+08 2.698140000000000e+08
1.551840000000000e-01 2.252900000000000e+07 4.152570000000000e+08 2.497500000000000e+08
1.558530000000000e-01 2.057310000000000e+07 4.008820000000000e+08 2.464580000000000e+08
1.565220000000000e-01 1.961770000000000e+07 4.110120000000000e+08 2.586820000000000e+08
1.571910000000000e-01 1.959250000000000e+07 4.425420000000000e+08 2.842040000000000e+08
1.578600000000000e-01 2.037070000000000e+07 4.910880000000000e+08 3.200110000000000e+08
1.585280000000000e-01 2.177930000000000e+07 5.513060000000000e+08 3.625150000000000e+08
1.591970000000000e-01 2.361270000000000e+07 6.172720000000000e+08 4.078000000000000e+08
1.598660000000000e-01 2.564790000000000e+07 6.828920000000000e+08 4.518860000000000e+08
1.605350000000000e-01 2.766020000000000e+07 7.423060000000000e+08 4.909970000000000e+08
1.612040000000000e-01 2.943840000000000e+07 7.902780000000000e+08 5.218030000000000e+08
1.618730000000000e-01 3.079850000000000e+07 8.225250000000000e+08 5.416350000000000e+08
1.625420000000000e-01 3.159540000000000e+07 8.359840000000000e+08 5.486460000000000e+08
1.632110000000000e-01 3.173140000000000e+07 8.289880000000000e+08 5.419170000000000e+08
1.638800000000000e-01 3.116110000000000e+07 8.013470000000000e+08 5.215040000000000e+08
1.645480000000000e-01 2.989280000000000e+07 7.543310000000000e+08 4.884150000000000e+08
1.652170000000000e-01 2.798630000000000e+07 6.905590000000000e+08 4.445270000000000e+08
1.658860000000000e-01 2.554710000000000e+07 6.137990000000000e+08 3.924530000000000e+08
1.665550000000000e-01 2.271800000000000e+07 5.286970000000000e+08 3.353550000000000e+08
1.672240000000000e-01 1.966830000000000e+07 4.404610000000000e+08 2.767300000000000e+08
1.678930000000000e-01 1.658180000000000e+07 3.545050000000000e+08 2.201820000000000e+08
1.685620000000000e-01 1.364390000000000e+07 2.760970000000000e+08 1.691820000000000e+08
1.692310000000000e-01 1.102930000000000e+07 2.100150000000000e+08 1.268480000000000e+08
1.699000000000000e-01 8.891020000000000e+06 1.602510000000000e+08 9.575140000000000e+07
1.705690000000000e-01 7.350400000000000e+06 1.297610000000000e+08 7.775720000000000e+07
1.712370000000000e-01 6.490530000000000e+06 1.203000000000000e+08 7.391860000000000e+07
1.719060000000000e-01 6.351780000000000e+06 1.323260000000000e+08 8.442010000000000e+07
1.725750000000000e-01 6.930480000000000e+06 1.649940000000000e+08 1.085790000000000e+08
1.732440000000000e-01 8.180510000000000e+06 2.162330000000000e+08 1.449030000000000e+08
1.739130000000000e-01 1.001760000000000e+07 2.828980000000000e+08 1.911930000000000e+08
1.745820000000000e-01 1.232610000000000e+07 3.609860000000000e+08 2.446940000000000e+08
1.752510000000000e-01 1.496710000000000e+07 4.459030000000000e+08 3.022700000000000e+08
1.759200000000000e-01 1.778830000000000e+07 5.327580000000000e+08 3.606110000000000e+08
1.765890000000000e-01 2.063390000000000e+07 6.166710000000000e+08 4.164290000000000e+08
1.772580000000000e-01 2.335460000000000e+07 6.930690000000000e+08 4.666640000000000e+08
1.779260000000000e-01 2.581650000000000e+07 7.579550000000000e+08 5.086590000000000e+08
1.785950000000000e-01 2.790870000000000e+07 8.081380000000000e+08 5.403140000000000e+08
1.792640000000000e-01 2.954920000000000e+07 8.413970000000000e+08 5.601920000000000e+08
1.799330000000000e-01 3.068800000000000e+07 8.565840000000000e+08 5.675930000000000e+08
1.806020000000000e-01 3.130910000000000e+07 8.536610000000000e+08 5.625670000000000e+08
1.812710000000000e-01 3.142880000000000e+07 8.336540000000000e+08 5.458890000000000e+08
1.819400000000000e-01 3.109290000000000e+07 7.985570000000000e+08 5.189880000000000e+08
1.826090000000000e-01 3.037150000000000e+07 7.511650000000000e+08 4.838390000000000e+08
1.832780000000000e-01 2.935300000000000e+07 6.948700000000000e+08 4.428170000000000e+08
1.839460000000000e-01 2.813680000000000e+07 6.334280000000000e+08 3.985420000000000e+08
1.846150000000000e-01 2.682530000000000e+07 5.707090000000000e+08 3.537060000000000e+08
1.852840000000000e-01 2.551700000000000e+07 5.104450000000000e+08 3.109050000000000e+08
1.859530000000000e-01 2.429980000000000e+07 4.560080000000000e+08 2.724850000000000e+08
1.866220000000000e-01 2.324510000000000e+07 4.102070000000000e+08 2.404010000000000e+08
1.872910000000000e-01 2.240370000000000e+07 3.751390000000000e+08 2.161160000000000e+08
1.879600000000000e-01 2.180390000000000e+07 3.520840000000000e+08 2.005280000000000e+08
1.886290000000000e-01 2.145010000000000e+07 3.414620000000000e+08 1.939370000000000e+08
1.892980000000000e-01 2.132440000000000e+07 3.428450000000000e+08 1.960510000000000e+08
1.899670000000000e-01 2.138930000000000e+07 3.550230000000000e+08 2.060300000000000e+08
1.906350000000000e-01 2.159140000000000e+07 3.761160000000000e+08 2.225620000000000e+08
1.913040000000000e-01 2.186650000000000e+07 4.037300000000000e+08 2.439650000000000e+08
1.919730000000000e-01 2.214560000000000e+07 4.351370000000000e+08 2.683110000000000e+08
1.926420000000000e-01 2.235990000000000e+07 4.674650000000000e+08 2.935610000000000e+08
1.933110000000000e-01 2.244710000000000e+07 4.978990000000000e+08 3.176960000000000e+08
1.939800000000000e-01 2.235550000000000e+07 5.238610000000000e+08 3.388520000000000e+08
1.946490000000000e-01 2.204830000000000e+07 5.431750000000000e+08 3.554260000000000e+08
1.953180000000000e-01 2.150640000000000e+07 5.541900000000000e+08 3.661760000000000e+08
1.959870000000000e-01 2.072890000000000e+07 5.558730000000000e+08 3.702820000000000e+08
1.966560000000000e-01 1.973380000000000e+07 5.478480000000000e+08 3.673810000000000e+08
1.973240000000000e-01 1.855590000000000e+07 5.303990000000000e+08 3.575760000000000e+08
1.979930000000000e-01 1.724410000000000e+07 5.044240000000000e+08 3.414090000000000e+08
1.986620000000000e-01 1.585800000000000e+07 4.713490000000000e+08 3.198050000000000e+08
1.993310000000000e-01 1.446300000000000e+07 4.330170000000000e+08 2.940020000000000e+08
2.000000000000000e-01 1.312610000000000e+07 3.915460000000000e+08 2.654540000000000e+08
