<X> <Y>
6.250000000000000e-03 4.109083717547820e+10
1.250000000000000e-02 4.085600118218066e+10
1.875000000000000e-02 4.054378101574903e+10
2.500000000000000e-02 4.013832731413295e+10
3.125000000000000e-02 3.962689339414098e+10
3.750000000000000e-02 3.900229773577186e+10
4.375000000000000e-02 3.826398073662434e+10
5.000000000000000e-02 3.741703613316316e+10
5.625000000000000e-02 3.646983594160287e+10
6.250000000000000e-02 3.542565446226028e+10
6.875000000000001e-02 3.430128077785975e+10
7.500000000000000e-02 3.310325794796099e+10
8.125000000000000e-02 3.183846293517685e+10
8.749999999999999e-02 3.051470631306066e+10
9.375000000000000e-02 2.914094645919875e+10
1.000000000000000e-01 2.772703877622240e+10
1.062500000000000e-01 2.628316246681768e+10
1.125000000000000e-01 2.481921562418177e+10
1.187500000000000e-01 2.334438155047001e+10
1.250000000000000e-01 2.186697258791018e+10
1.312500000000000e-01 2.039498582407733e+10
1.375000000000000e-01 1.893615293625757e+10
1.437500000000000e-01 1.749819752092204e+10
1.500000000000000e-01 1.608883947835177e+10
1.562500000000000e-01 1.471558002748978e+10
1.625000000000000e-01 1.338539882323999e+10
1.687500000000000e-01 1.210450029707659e+10
1.750000000000000e-01 1.087819040704018e+10
1.812500000000000e-01 9.710943581259752e+09
1.875000000000000e-01 8.606631885265034e+09
1.937500000000000e-01 7.568491523851481e+09
2.000000000000000e-01 6.599173142624799e+09
2.062500000000000e-01 5.700702077793261e+09
2.125000000000000e-01 4.874407378244985e+09
2.187500000000000e-01 4.120881858233037e+09
2.250000000000000e-01 3.439998369600849e+09
2.312500000000000e-01 2.830982881889948e+09
2.375000000000000e-01 2.292519695738824e+09
2.437500000000000e-01 1.822810733671748e+09
2.500000000000000e-01 1.419574877399952e+09
2.562500000000000e-01 1.080062631550362e+09
2.625000000000000e-01 8.010702616120647e+08
2.687500000000000e-01 5.789765831660920e+08
2.750000000000000e-01 4.098054623748243e+08
2.812500000000000e-01 2.893256020174375e+08
2.875000000000000e-01 2.131254063581960e+08
2.937500000000000e-01 1.766751937188681e+08
3.000000000000000e-01 1.753784907008163e+08
3.062500000000000e-01 2.046418255231055e+08
3.125000000000000e-01 2.599327818017038e+08
3.187500000000000e-01 3.368294974656690e+08
3.250000000000000e-01 4.310492115402951e+08
3.312500000000000e-01 5.384500138894584e+08
3.375000000000000e-01 6.550607585608172e+08
3.437500000000000e-01 7.770529264047042e+08
3.500000000000000e-01 9.007793722298704e+08
3.562500000000000e-01 1.022864825152940e+09
3.625000000000000e-01 1.140310012520998e+09
3.687500000000000e-01 1.250570249015428e+09
3.750000000000000e-01 1.351576811186707e+09
3.812500000000000e-01 1.441686774058468e+09
3.875000000000000e-01 1.519581193297439e+09
3.937500000000000e-01 1.584196113664230e+09
4.000000000000000e-01 1.634617112105034e+09
4.062500000000000e-01 1.670135053652417e+09
4.125000000000000e-01 1.690327413086681e+09
4.187500000000000e-01 1.695142874566489e+09
4.250000000000000e-01 1.684950893875498e+09
4.312500000000000e-01 1.660512316657606e+09
4.375000000000000e-01 1.622876713539953e+09
4.437500000000000e-01 1.573246804366833e+09
4.500000000000000e-01 1.512877023837799e+09
4.562500000000000e-01 1.442983328609879e+09
4.625000000000000e-01 1.364813161435603e+09
4.687500000000000e-01 1.279679174806408e+09
4.750000000000000e-01 1.189003481373051e+09
4.812500000000000e-01 1.094329173816904e+09
4.875000000000000e-01 9.972759173315721e+08
4.937500000000000e-01 8.994583501090865e+08
5.000000000000000e-01 8.024015614457864e+08
5.062500000000000e-01 7.074810312779415e+08
5.125000000000000e-01 6.158907449315826e+08
5.187500000000000e-01 5.287010772996351e+08
5.250000000000000e-01 4.468529064322607e+08
5.312500000000000e-01 3.711779537112693e+08
5.375000000000000e-01 3.024001892036406e+08
5.437500000000000e-01 2.411187101932520e+08
5.500000000000000e-01 1.877848983194486e+08
5.562500000000000e-01 1.426871508612996e+08
5.625000000000000e-01 1.059506163138596e+08
5.687500000000000e-01 7.753982067018156e+07
5.750000000000000e-01 5.729293740842565e+07
5.812500000000000e-01 4.492045815178177e+07
5.875000000000000e-01 4.002372926036087e+07
5.937500000000000e-01 4.210843637053835e+07
6.000000000000000e-01 5.059554293283068e+07
6.062500000000000e-01 6.483051929810169e+07
6.125000000000000e-01 8.409544966049428e+07
6.187500000000000e-01 1.076224211592568e+08
6.250000000000000e-01 1.346011463965013e+08
6.312500000000000e-01 1.641986493904198e+08
6.375000000000000e-01 1.955822119422118e+08
6.437500000000000e-01 2.279441137742430e+08
6.500000000000000e-01 2.605216455624330e+08
6.562500000000000e-01 2.926070495201997e+08
6.625000000000000e-01 3.235457033129683e+08
6.687500000000000e-01 3.527328064829689e+08
6.750000000000000e-01 3.796059015473460e+08
6.812500000000000e-01 4.036431133506955e+08
6.875000000000000e-01 4.243860368175891e+08
6.937500000000000e-01 4.414634322016593e+08
7.000000000000000e-01 4.546134122304823e+08
7.062500000000000e-01 4.636918073567099e+08
7.125000000000000e-01 4.686619040522171e+08
7.187500000000000e-01 4.695695231718071e+08
7.250000000000000e-01 4.665196204902392e+08
7.312500000000000e-01 4.596505892593298e+08
7.375000000000000e-01 4.491334676366434e+08
7.437500000000000e-01 4.351911523226634e+08
7.500000000000000e-01 4.181087335306656e+08
7.562500000000000e-01 3.982427727996549e+08
7.625000000000000e-01 3.760142614471085e+08
7.687500000000000e-01 3.518862132621352e+08
7.750000000000000e-01 3.263342656143374e+08
7.812500000000000e-01 2.998207553334646e+08
7.875000000000000e-01 2.727799507128698e+08
7.937500000000000e-01 2.456206777256333e+08
8.000000000000000e-01 2.187372364977022e+08
8.062500000000000e-01 1.925113472842941e+08
8.125000000000000e-01 1.673142980181341e+08
8.187500000000000e-01 1.435000874248358e+08
8.250000000000000e-01 1.213929030644536e+08
8.312500000000000e-01 1.012740443519174e+08
8.375000000000000e-01 8.337285999681748e+07
8.437500000000000e-01 6.786097947452800e+07
8.500000000000000e-01 5.485842112249193e+07
8.562500000000000e-01 4.443337601422356e+07
8.625000000000000e-01 3.660508985170252e+07
8.687500000000000e-01 3.134801148343104e+07
8.750000000000000e-01 2.859469990267844e+07
8.812500000000000e-01 2.823799107680275e+07
8.875000000000000e-01 3.013282266242612e+07
8.937500000000000e-01 3.410231707660182e+07
9.000000000000000e-01 3.993756816599484e+07
9.062500000000000e-01 4.740322184633835e+07
9.125000000000000e-01 5.624507058366144e+07
9.187500000000000e-01 6.619654999491845e+07
9.250000000000000e-01 7.698658735209383e+07
9.312500000000000e-01 8.834544055946434e+07
9.375000000000000e-01 1.000073126029290e+08
9.437500000000000e-01 1.117099493293909e+08
9.500000000000000e-01 1.231967251024454e+08
9.562500000000000e-01 1.342156485001372e+08
9.625000000000000e-01 1.445246866195772e+08
9.687500000000000e-01 1.539023820138921e+08
9.750000000000000e-01 1.621585768295816e+08
9.812500000000000e-01 1.691428283732428e+08
9.875000000000000e-01 1.747471721159640e+08
9.937500000000000e-01 1.789022743643155e+08
1.000000000000000e+00 1.815692927942616e+08
1.006250000000000e+00 1.827327635222125e+08
1.012500000000000e+00 1.823903846939427e+08
1.018750000000000e+00 1.805595251984350e+08
1.025000000000000e+00 1.772797795637617e+08
1.031250000000000e+00 1.726199160670869e+08
1.037500000000000e+00 1.666808879450834e+08
1.043750000000000e+00 1.595925991336112e+08
1.050000000000000e+00 1.515051846129484e+08
1.056250000000000e+00 1.425784584271131e+08
1.062500000000000e+00 1.329737187552236e+08
1.068750000000000e+00 1.228482059304737e+08
1.075000000000000e+00 1.123600144748244e+08
1.081250000000000e+00 1.016704123476212e+08
1.087500000000000e+00 9.094462163711366e+07
1.093750000000000e+00 8.035036374624379e+07
1.100000000000000e+00 7.005256842779034e+07
1.106250000000000e+00 6.020632383078126e+07
1.112500000000000e+00 5.095055460233202e+07
1.118750000000000e+00 4.240444080409966e+07
1.125000000000000e+00 3.466605433332545e+07
1.131250000000000e+00 2.781638679485756e+07
1.137500000000000e+00 2.191812415198570e+07
1.143750000000000e+00 1.701704337332739e+07
1.150000000000000e+00 1.314211249917269e+07
1.156250000000000e+00 1.030484847237992e+07
1.162500000000000e+00 8.498632085511731e+06
1.168750000000000e+00 7.698961266975756e+06
1.175000000000000e+00 7.864215554066566e+06
1.181250000000000e+00 8.936502292387137e+06
1.187500000000000e+00 1.084416367122252e+07
1.193750000000000e+00 1.350337084472164e+07
1.200000000000000e+00 1.682096270079153e+07
1.206250000000000e+00 2.069710995872050e+07
1.212500000000000e+00 2.502738977182422e+07
1.218750000000000e+00 2.970396102849581e+07
1.225000000000000e+00 3.461718618884109e+07
1.231250000000000e+00 3.965591217050845e+07
1.237500000000000e+00 4.470836118549536e+07
1.243750000000000e+00 4.966551291155612e+07
1.250000000000000e+00 5.442482751416695e+07
1.256250000000000e+00 5.889397504172403e+07
1.262500000000000e+00 6.299319214267121e+07
1.268750000000000e+00 6.665544301394603e+07
1.275000000000000e+00 6.982455402690110e+07
1.281250000000000e+00 7.245397386563732e+07
1.287500000000000e+00 7.450360652106495e+07
1.293750000000000e+00 7.594100333057088e+07
1.300000000000000e+00 7.674463287275855e+07
1.306250000000000e+00 7.690688244919679e+07
1.312500000000000e+00 7.643631859283762e+07
1.318750000000000e+00 7.535731154938439e+07
1.325000000000000e+00 7.370690953556158e+07
1.331250000000000e+00 7.153019687693480e+07
1.337500000000000e+00 6.887585255557367e+07
1.343750000000000e+00 6.579415092749544e+07
1.350000000000000e+00 6.233731548439384e+07
1.356250000000000e+00 5.856184695101903e+07
1.362500000000000e+00 5.452986912131695e+07
1.368750000000000e+00 5.030984785349996e+07
1.375000000000000e+00 4.597525168286739e+07
1.381250000000000e+00 4.160158943400981e+07
1.387500000000000e+00 3.726282451288718e+07
1.393750000000000e+00 3.302830566462276e+07
1.400000000000000e+00 2.895991358004980e+07
1.406250000000000e+00 2.511304399107452e+07
1.412500000000000e+00 2.153567399428336e+07
1.418750000000000e+00 1.826878105416423e+07
1.425000000000000e+00 1.534674909792503e+07
1.431250000000000e+00 1.279722898916070e+07
1.437500000000000e+00 1.064063425167490e+07
1.443750000000000e+00 8.889632036713790e+06
1.450000000000000e+00 7.549313206734529e+06
1.456250000000000e+00 6.617311383173083e+06
1.462500000000000e+00 6.084131614930447e+06
1.468750000000000e+00 5.934739233142632e+06
1.475000000000000e+00 6.148590200173622e+06
1.481250000000000e+00 6.700335922504298e+06
1.487500000000000e+00 7.560330076768699e+06
1.493750000000000e+00 8.694968258576471e+06
1.500000000000000e+00 1.006677746162125e+07
1.506250000000000e+00 1.163558187964899e+07
1.512500000000000e+00 1.335807284376065e+07
1.518750000000000e+00 1.518925084332727e+07
1.525000000000000e+00 1.708356939875302e+07
1.531250000000000e+00 1.899672900991347e+07
1.537500000000000e+00 2.088719488222175e+07
1.543750000000000e+00 2.271711833303778e+07
1.550000000000000e+00 2.445240310403048e+07
1.556250000000000e+00 2.606239327502257e+07
1.562500000000000e+00 2.751910725361055e+07
1.568750000000000e+00 2.879649078741585e+07
1.575000000000000e+00 2.987156666839793e+07
1.581250000000000e+00 3.072553156290177e+07
1.587500000000000e+00 3.134519399098664e+07
1.593750000000000e+00 3.172371192298735e+07
1.600000000000000e+00 3.186023158385732e+07
1.606250000000000e+00 3.175857073661309e+07
1.612500000000000e+00 3.142574681209268e+07
1.618750000000000e+00 3.087086495965913e+07
1.625000000000000e+00 3.010428329509793e+07
1.631250000000000e+00 2.913947834866223e+07
1.637500000000000e+00 2.799338459094037e+07
1.643750000000000e+00 2.668706520003006e+07
1.650000000000000e+00 2.524543653416872e+07
1.656250000000000e+00 2.369605997179420e+07
1.662500000000000e+00 2.206744170754707e+07
1.668750000000000e+00 2.038742127161530e+07
1.675000000000000e+00 1.868215014716820e+07
1.681250000000000e+00 1.697602919800533e+07
1.687500000000000e+00 1.529228092877967e+07
1.693750000000000e+00 1.365305393868697e+07
1.700000000000000e+00 1.207967026123185e+07
1.706250000000000e+00 1.059237922872439e+07
1.712500000000000e+00 9.209748459829168e+06
1.718750000000000e+00 7.947960403399162e+06
1.725000000000000e+00 6.820319482836460e+06
1.731250000000000e+00 5.836894114735652e+06
1.737500000000000e+00 5.004697506518318e+06
1.743750000000000e+00 4.327941913912073e+06
1.750000000000000e+00 3.808055500026730e+06
1.756250000000000e+00 3.443916965733157e+06
1.762500000000000e+00 3.231993501801611e+06
1.768750000000000e+00 3.166425904490395e+06
1.775000000000000e+00 3.239108763117474e+06
1.781250000000000e+00 3.439769547824183e+06
1.787500000000000e+00 3.756444343715811e+06
1.793750000000000e+00 4.175428673108451e+06
1.800000000000000e+00 4.681834122922024e+06
1.806250000000000e+00 5.259976867147727e+06
1.812500000000000e+00 5.893915417769648e+06
1.818750000000000e+00 6.567946848407881e+06
1.825000000000000e+00 7.266950893257822e+06
1.831250000000000e+00 7.976493788287544e+06
1.837500000000000e+00 8.683063537390931e+06
1.843750000000000e+00 9.373498671919804e+06
1.850000000000000e+00 1.003523262803062e+07
1.856250000000000e+00 1.065648070713484e+07
1.862500000000000e+00 1.122670907030336e+07
1.868750000000000e+00 1.173707187926860e+07
1.875000000000000e+00 1.218059262461260e+07
1.881250000000000e+00 1.255197455329317e+07
1.887500000000000e+00 1.284714356888958e+07
1.893750000000000e+00 1.306286402866192e+07
1.900000000000000e+00 1.319660903135731e+07
1.906250000000000e+00 1.324655921629462e+07
1.912500000000000e+00 1.321248139039622e+07
1.918750000000000e+00 1.309604337156254e+07
1.925000000000000e+00 1.290107353930573e+07
1.931250000000000e+00 1.263340630003255e+07
1.937500000000000e+00 1.230036398189172e+07
1.943750000000000e+00 1.191005961140281e+07
1.950000000000000e+00 1.147081501263545e+07
1.956250000000000e+00 1.099053858869173e+07
1.962500000000000e+00 1.047708283510136e+07
1.968750000000000e+00 9.938060772746876e+06
1.975000000000000e+00 9.381135956574436e+06
1.981250000000000e+00 8.814133282295324e+06
1.987500000000000e+00 8.244927477719056e+06
1.993750000000000e+00 7.681145954812428e+06
2.000000000000000e+00 7.129772834176007e+06
2.006250000000000e+00 6.596973776185636e+06
2.012500000000000e+00 6.087882301093007e+06
2.018750000000000e+00 5.606734961229505e+06
2.025000000000000e+00 5.157086142621792e+06
2.031250000000000e+00 4.741856227597405e+06
2.037500000000000e+00 4.363426508227206e+06
2.043750000000000e+00 4.023630112029405e+06
2.050000000000000e+00 3.723671685684959e+06
2.056250000000000e+00 3.464112617596436e+06
2.062500000000000e+00 3.244690381970824e+06
2.068750000000000e+00 3.064384457630633e+06
2.075000000000000e+00 2.921552607588807e+06
2.081250000000000e+00 2.813982306323709e+06
2.087500000000000e+00 2.739020796116889e+06
2.093750000000000e+00 2.693665623056395e+06
2.100000000000000e+00 2.674601043340668e+06
2.106250000000000e+00 2.678208585372281e+06
2.112500000000000e+00 2.700610195892902e+06
2.118750000000000e+00 2.737822940024468e+06
2.125000000000000e+00 2.785789170082282e+06
2.131250000000000e+00 2.840693064936340e+06
2.137500000000000e+00 2.899068227702304e+06
2.143750000000000e+00 2.957912752924812e+06
2.150000000000000e+00 3.014720346248189e+06
2.156250000000000e+00 3.067431121818836e+06
2.162500000000000e+00 3.114324715658489e+06
2.168750000000000e+00 3.153916995870060e+06
2.175000000000000e+00 3.184851839479993e+06
2.181250000000000e+00 3.205971278706021e+06
2.187500000000000e+00 3.216298387893384e+06
2.193750000000000e+00 3.215207516431215e+06
2.200000000000000e+00 3.202528532198448e+06
2.206250000000000e+00 3.178573664753652e+06
2.212500000000000e+00 3.144065136508267e+06
2.218750000000000e+00 3.099988635641565e+06
2.225000000000000e+00 3.047433417374033e+06
2.231250000000000e+00 2.987497443130684e+06
2.237500000000000e+00 2.921215372794739e+06
2.243750000000000e+00 2.849680003423223e+06
2.250000000000000e+00 2.774071836834222e+06
2.256250000000000e+00 2.695721205630064e+06
2.262500000000000e+00 2.616101965188129e+06
2.268750000000000e+00 2.536753307703059e+06
2.275000000000000e+00 2.459156709556572e+06
2.281250000000000e+00 2.384615722386603e+06
2.287500000000000e+00 2.314176234845795e+06
2.293750000000000e+00 2.248599471505608e+06
2.300000000000000e+00 2.188430842374701e+06
2.306250000000000e+00 2.134035922908011e+06
2.312500000000000e+00 2.085670370150129e+06
2.318750000000000e+00 2.043513491202623e+06
2.325000000000000e+00 2.007659104984715e+06
2.331250000000000e+00 1.978075362521575e+06
2.337500000000000e+00 1.954566190842248e+06
2.343750000000000e+00 1.936753415179510e+06
2.350000000000000e+00 1.924061978202466e+06
2.356250000000000e+00 1.915805895875401e+06
2.362500000000000e+00 1.911231114549526e+06
2.368750000000000e+00 1.909589910971464e+06
2.375000000000000e+00 1.910188821394658e+06
2.381250000000000e+00 1.912398827272174e+06
2.387500000000000e+00 1.915631148232266e+06
2.393750000000000e+00 1.919382170028435e+06
2.400000000000000e+00 1.923080234379155e+06
2.406250000000000e+00 1.926192618110261e+06
2.412500000000000e+00 1.928264697970406e+06
2.418750000000000e+00 1.928957742458270e+06
2.425000000000000e+00 1.928074679794032e+06
2.431250000000000e+00 1.925533566641641e+06
2.437500000000000e+00 1.921296966940701e+06
2.443750000000000e+00 1.915295273294397e+06
2.450000000000000e+00 1.907391042487749e+06
2.456250000000000e+00 1.897430292862149e+06
2.462500000000000e+00 1.885307975098196e+06
2.468750000000000e+00 1.871095570185340e+06
2.475000000000000e+00 1.855093560942714e+06
2.481250000000000e+00 1.837841073156514e+06
2.487500000000000e+00 1.820066989629704e+06
2.493750000000000e+00 1.802604294643141e+06
2.500000000000000e+00 1.786295458721153e+06
2.506250000000000e+00 1.771919245297930e+06
2.512500000000000e+00 1.760085204564145e+06
2.518750000000000e+00 1.751334413076873e+06
2.525000000000000e+00 1.746029055325535e+06
2.531250000000000e+00 1.744446164886270e+06
2.537500000000000e+00 1.746814702674685e+06
2.543750000000000e+00 1.753330857720678e+06
2.550000000000000e+00 1.764143000010275e+06
2.556250000000000e+00 1.779322112214144e+06
2.562500000000000e+00 1.798836209130095e+06
2.568750000000000e+00 1.822518644393542e+06
2.575000000000000e+00 1.850080531289474e+06
2.581250000000000e+00 1.881175800494036e+06
2.587500000000000e+00 1.915426264000157e+06
2.593750000000000e+00 1.952456523364969e+06
2.600000000000000e+00 1.991899207203728e+06
2.606250000000000e+00 2.033370087957769e+06
2.612500000000000e+00 2.076505396887196e+06
2.618750000000000e+00 2.120824537235071e+06
2.625000000000000e+00 2.165816060604887e+06
2.631250000000000e+00 2.210978322091940e+06
2.637500000000000e+00 2.255861702291828e+06
2.643750000000000e+00 2.300104814194531e+06
2.650000000000000e+00 2.343424755197431e+06
2.656250000000000e+00 2.385563366686746e+06
2.662500000000000e+00 2.426220103761505e+06
2.668750000000000e+00 2.464993184643649e+06
2.675000000000000e+00 2.501467806661310e+06
2.681250000000000e+00 2.535227968040868e+06
2.687500000000000e+00 2.565998160851399e+06
2.693750000000000e+00 2.593717425061933e+06
2.700000000000000e+00 2.618587194193272e+06
2.706250000000000e+00 2.641067261190076e+06
2.712500000000000e+00 2.661824879180488e+06
2.718750000000000e+00 2.681647034096894e+06
2.725000000000000e+00 2.701327986653011e+06
2.731250000000000e+00 2.721567919300363e+06
2.737500000000000e+00 2.742976191233845e+06
2.743750000000000e+00 2.765967815525394e+06
2.750000000000000e+00 2.790855322472998e+06
2.756250000000000e+00 2.817922206937125e+06
2.762500000000000e+00 2.847484208414962e+06
2.768750000000000e+00 2.879907394129825e+06
2.775000000000000e+00 2.915573244377812e+06
2.781250000000000e+00 2.954873812563061e+06
2.787500000000000e+00 2.998065411167357e+06
2.793750000000000e+00 3.045244827642065e+06
2.800000000000000e+00 3.096421989751733e+06
2.806250000000000e+00 3.151508585110464e+06
2.812500000000000e+00 3.210356872153935e+06
2.818750000000000e+00 3.272761322558819e+06
2.825000000000000e+00 3.338413587677834e+06
2.831250000000000e+00 3.406830165074105e+06
2.837500000000000e+00 3.477292415167139e+06
2.843750000000000e+00 3.548889380554227e+06
2.850000000000000e+00 3.620505166635142e+06
2.856250000000000e+00 3.690981288316309e+06
2.862500000000000e+00 3.759209537245068e+06
2.868750000000000e+00 3.824228148742618e+06
2.875000000000000e+00 3.885266280735598e+06
2.881250000000000e+00 3.941726115371973e+06
2.887500000000000e+00 3.993107788255619e+06
2.893750000000000e+00 4.038984819700015e+06
2.900000000000000e+00 4.078790632449676e+06
2.906250000000000e+00 4.111938971323215e+06
2.912500000000000e+00 4.137782852305123e+06
2.918750000000000e+00 4.155744046232114e+06
2.925000000000000e+00 4.165408551270138e+06
2.931250000000000e+00 4.166563652043419e+06
2.937500000000000e+00 4.159156470593262e+06
2.943750000000000e+00 4.143200531933902e+06
2.950000000000000e+00 4.118798282596377e+06
2.956250000000000e+00 4.085965358445325e+06
2.962500000000000e+00 4.044793099587915e+06
2.968750000000000e+00 3.995597592516538e+06
2.975000000000000e+00 3.938971076564508e+06
2.981250000000000e+00 3.875798165158853e+06
2.987500000000000e+00 3.807167113268921e+06
2.993750000000000e+00 3.734208854520982e+06
3.000000000000000e+00 3.657871937616768e+06
3.006250000000000e+00 3.578976927412981e+06
3.012500000000000e+00 3.498065055811201e+06
3.018750000000000e+00 3.415652937965789e+06
3.025000000000000e+00 3.332296147955697e+06
3.031250000000000e+00 3.248754389072874e+06
3.037500000000000e+00 3.166056543896055e+06
3.043750000000000e+00 3.085473455968968e+06
3.050000000000000e+00 3.008404605530282e+06
3.056250000000000e+00 2.936208983345998e+06
3.062500000000000e+00 2.870054705607340e+06
3.068750000000000e+00 2.810717797663320e+06
3.075000000000000e+00 2.758703384320846e+06
3.081250000000000e+00 2.714151457546721e+06
3.087500000000000e+00 2.677019520427352e+06
3.093750000000000e+00 2.647198120201635e+06
3.100000000000000e+00 2.624571762991473e+06
3.106250000000000e+00 2.609007624507852e+06
3.112500000000000e+00 2.600333145927936e+06
3.118750000000000e+00 2.598260611544807e+06
3.125000000000000e+00 2.602264493703175e+06
3.131250000000000e+00 2.611766542748170e+06
3.137500000000000e+00 2.626107542405101e+06
3.143750000000000e+00 2.644624505340622e+06
3.150000000000000e+00 2.666691864330941e+06
3.156250000000000e+00 2.691709653646951e+06
3.162500000000000e+00 2.719048821008129e+06
3.168750000000000e+00 2.748010250978121e+06
3.175000000000000e+00 2.777803813259908e+06
3.181250000000000e+00 2.807547476782341e+06
3.187500000000000e+00 2.836399981404183e+06
3.193750000000000e+00 2.863643886336531e+06
3.200000000000000e+00 2.888775682623257e+06
3.206250000000000e+00 2.911538196143536e+06
3.212500000000000e+00 2.931883243075590e+06
3.218750000000000e+00 2.949878916048016e+06
3.225000000000000e+00 2.965592137714963e+06
3.231250000000000e+00 2.979046546727768e+06
3.237500000000000e+00 2.990188868656765e+06
3.243750000000000e+00 2.998941467343389e+06
3.250000000000000e+00 3.005303768495390e+06
3.256250000000000e+00 3.009454949232105e+06
3.262500000000000e+00 3.011809986106614e+06
3.268750000000000e+00 3.013003239491451e+06
3.275000000000000e+00 3.013801014373997e+06
3.281250000000000e+00 3.014966251076513e+06
3.287500000000000e+00 3.017183236463225e+06
3.293750000000000e+00 3.020947159929842e+06
3.300000000000000e+00 3.026614063445581e+06
3.306250000000000e+00 3.034452601464850e+06
3.312500000000000e+00 3.044745869458917e+06
3.318750000000000e+00 3.057861971148153e+06
3.325000000000000e+00 3.074257873278378e+06
3.331250000000000e+00 3.094409302731398e+06
3.337500000000000e+00 3.118792752830502e+06
3.343750000000000e+00 3.147654041570699e+06
3.350000000000000e+00 3.181022096556746e+06
3.356250000000000e+00 3.218782586937081e+06
3.362500000000000e+00 3.260706146975098e+06
3.368750000000000e+00 3.306522846905952e+06
3.375000000000000e+00 3.355937093670503e+06
3.381250000000000e+00 3.408568851068639e+06
3.387500000000000e+00 3.463852894106522e+06
3.393750000000000e+00 3.520902473687182e+06
3.400000000000000e+00 3.578650786867644e+06
3.406250000000000e+00 3.635761833643300e+06
3.412500000000000e+00 3.690875664605458e+06
3.418750000000000e+00 3.742721623995776e+06
3.425000000000000e+00 3.790257232069638e+06
3.431250000000000e+00 3.832752791847578e+06
3.437500000000000e+00 3.869804114954385e+06
3.443750000000000e+00 3.901263707769240e+06
3.450000000000000e+00 3.927282004387303e+06
3.456250000000000e+00 3.947853958307147e+06
3.462500000000000e+00 3.963048008723683e+06
3.468750000000000e+00 3.972833646981202e+06
3.475000000000000e+00 3.977192341458757e+06
3.481250000000000e+00 3.976183353907170e+06
3.487500000000000e+00 3.969939452214653e+06
3.493750000000000e+00 3.958574878624982e+06
3.500000000000000e+00 3.942062606125533e+06
3.506250000000000e+00 3.920227213796714e+06
3.512500000000000e+00 3.892781491909440e+06
3.518750000000000e+00 3.859442270325947e+06
3.525000000000000e+00 3.820313975687678e+06
3.531250000000000e+00 3.775940594447408e+06
3.537500000000000e+00 3.727323408879031e+06
3.543750000000000e+00 3.675800126491164e+06
3.550000000000000e+00 3.622841858497877e+06
3.556250000000000e+00 3.569796542026530e+06
3.562500000000000e+00 3.517854460462499e+06
3.568750000000000e+00 3.467813799844188e+06
3.575000000000000e+00 3.420395749622277e+06
3.581250000000000e+00 3.376093148915092e+06
3.587500000000000e+00 3.335417913392043e+06
3.593750000000000e+00 3.299001577657076e+06
3.600000000000000e+00 3.267625682325223e+06
3.606250000000000e+00 3.242167045011170e+06
3.612500000000000e+00 3.223537829980686e+06
3.618750000000000e+00 3.212471856670843e+06
3.625000000000000e+00 3.209450640681366e+06
3.631250000000000e+00 3.214731100027095e+06
3.637500000000000e+00 3.228340025377405e+06
3.643750000000000e+00 3.250152258472879e+06
3.650000000000000e+00 3.279939170350662e+06
3.656250000000000e+00 3.317358876532898e+06
3.662500000000000e+00 3.361899529305903e+06
3.668750000000000e+00 3.412787361579460e+06
3.675000000000000e+00 3.469099197962450e+06
3.681250000000000e+00 3.529623200837851e+06
3.687500000000000e+00 3.593127151241714e+06
3.693750000000000e+00 3.658411738807240e+06
3.700000000000000e+00 3.724429985099918e+06
3.706250000000000e+00 3.790357080294833e+06
3.712500000000000e+00 3.855591263167636e+06
3.718750000000000e+00 3.919679864265790e+06
3.725000000000000e+00 3.982326241517667e+06
3.731250000000000e+00 4.043060374123317e+06
3.737500000000000e+00 4.101379277873508e+06
3.743750000000000e+00 4.156685481575913e+06
3.750000000000000e+00 4.208404926600520e+06
3.756250000000000e+00 4.256080982837686e+06
3.762500000000000e+00 4.299393858507080e+06
3.768750000000000e+00 4.338082319414309e+06
3.775000000000000e+00 4.371811320355526e+06
3.781250000000000e+00 4.399995169263695e+06
3.787500000000000e+00 4.422000053450326e+06
3.793750000000000e+00 4.437013086948562e+06
3.800000000000000e+00 4.444406612553575e+06
3.806250000000000e+00 4.443847814810292e+06
3.812500000000000e+00 4.435435227851259e+06
3.818750000000000e+00 4.419746280094093e+06
3.825000000000000e+00 4.397789569096356e+06
3.831250000000000e+00 4.370865769151838e+06
3.837500000000000e+00 4.340457895804701e+06
3.843750000000000e+00 4.307825869068063e+06
3.850000000000000e+00 4.274126952434707e+06
3.856250000000000e+00 4.240183326047026e+06
3.862500000000000e+00 4.206612464244316e+06
3.868750000000000e+00 4.173932465808019e+06
3.875000000000000e+00 4.142627406144450e+06
3.881250000000000e+00 4.113133040158842e+06
3.887500000000000e+00 4.085764675550621e+06
3.893750000000000e+00 4.060737982943172e+06
3.900000000000000e+00 4.038097498808902e+06
3.906250000000000e+00 4.017741881424030e+06
3.912500000000000e+00 3.999743181373675e+06
3.918750000000000e+00 3.984316951950312e+06
3.925000000000000e+00 3.971839118409833e+06
3.931250000000000e+00 3.962760734979110e+06
3.937500000000000e+00 3.957454975631588e+06
3.943750000000000e+00 3.956056648516729e+06
3.950000000000000e+00 3.958395470649098e+06
3.956250000000000e+00 3.963935885909978e+06
3.962500000000000e+00 3.971998735243027e+06
3.968750000000000e+00 3.981787145744324e+06
3.975000000000000e+00 3.992588726451033e+06
3.981250000000000e+00 4.003865628574481e+06
3.987500000000000e+00 4.015261332007637e+06
3.993750000000000e+00 4.026531263279454e+06
4.000000000000000e+00 4.037354504981101e+06
4.006250000000000e+00 4.047412439963096e+06
4.012500000000000e+00 4.056121889796893e+06
4.018750000000000e+00 4.062816898960107e+06
4.025000000000000e+00 4.066752428859563e+06
4.031250000000000e+00 4.067295129735943e+06
4.037500000000000e+00 4.064073418539630e+06
4.043750000000000e+00 4.057055788985937e+06
4.050000000000000e+00 4.046515864215834e+06
4.056250000000000e+00 4.032957818039942e+06
4.062500000000000e+00 4.016856071704863e+06
4.068750000000000e+00 3.998541379109808e+06
4.075000000000000e+00 3.978194445769534e+06
4.081250000000000e+00 3.955904723701537e+06
4.087500000000000e+00 3.931776382916373e+06
4.093750000000000e+00 3.906011522813762e+06
4.100000000000000e+00 3.878905014004415e+06
4.106250000000000e+00 3.850762876225637e+06
4.112500000000000e+00 3.821817834247315e+06
4.118750000000000e+00 3.792232100005114e+06
4.125000000000000e+00 3.761973379204003e+06
4.131250000000000e+00 3.731136779861895e+06
4.137500000000000e+00 3.699939501397525e+06
4.143750000000000e+00 3.668799840928866e+06
4.150000000000000e+00 3.638336073052787e+06
4.156250000000000e+00 3.609289204458273e+06
4.162500000000000e+00 3.582398342721985e+06
4.168750000000000e+00 3.558287097520899e+06
4.175000000000000e+00 3.537362086922208e+06
4.181250000000000e+00 3.519856740660473e+06
4.187500000000000e+00 3.505832379633055e+06
4.193750000000000e+00 3.495291921539801e+06
4.200000000000000e+00 3.488275079542533e+06
4.206250000000000e+00 3.484905361740967e+06
4.212500000000000e+00 3.485371215745895e+06
4.218750000000000e+00 3.489851803773294e+06
4.225000000000000e+00 3.498449098073788e+06
4.231250000000000e+00 3.511109011767481e+06
4.237500000000000e+00 3.527601520426194e+06
4.243750000000000e+00 3.547608026401453e+06
4.250000000000000e+00 3.570780106932512e+06
4.256250000000000e+00 3.596824644441409e+06
4.262500000000000e+00 3.625540458768526e+06
4.268750000000000e+00 3.656790130986412e+06
4.275000000000000e+00 3.690419451328999e+06
4.281250000000000e+00 3.726190395631464e+06
4.287500000000000e+00 3.763716902354630e+06
4.293750000000000e+00 3.802462024874646e+06
4.300000000000000e+00 3.841845054281102e+06
4.306250000000000e+00 3.881331672345814e+06
4.312500000000000e+00 3.920533978346178e+06
4.318750000000000e+00 3.959249735319545e+06
4.325000000000000e+00 3.997423227439170e+06
4.331250000000000e+00 4.035042732250134e+06
4.337500000000000e+00 4.072082290809626e+06
4.343750000000000e+00 4.108338332390262e+06
4.350000000000000e+00 4.143489284396790e+06
4.356250000000000e+00 4.177165563847099e+06
4.362500000000000e+00 4.209040983521744e+06
4.368750000000000e+00 4.238921049779306e+06
4.375000000000000e+00 4.266761398720893e+06
4.381250000000000e+00 4.292608074234693e+06
4.387500000000000e+00 4.316490997358759e+06
4.393750000000000e+00 4.338389762023388e+06
4.400000000000000e+00 4.358124028126976e+06
4.406250000000000e+00 4.375458868489254e+06
4.412500000000000e+00 4.390216882997969e+06
4.418750000000000e+00 4.402361508295625e+06
4.425000000000000e+00 4.412051481886316e+06
4.431250000000000e+00 4.419610025111621e+06
4.437500000000000e+00 4.425418917562285e+06
4.443750000000000e+00 4.429779858310984e+06
4.450000000000000e+00 4.432867479428794e+06
4.456250000000000e+00 4.434601284300170e+06
4.462500000000000e+00 4.434820775092051e+06
4.468750000000000e+00 4.433340793545074e+06
4.475000000000000e+00 4.430096037496856e+06
4.481250000000000e+00 4.425213439751084e+06
4.487500000000000e+00 4.418994192880419e+06
4.493750000000000e+00 4.411813172796975e+06
4.500000000000000e+00 4.403978112693563e+06
4.506250000000000e+00 4.395661687707517e+06
4.512500000000000e+00 4.386787475515357e+06
4.518750000000000e+00 4.377175884847532e+06
4.525000000000000e+00 4.366601139000217e+06
4.531250000000000e+00 4.354928180349587e+06
4.537500000000000e+00 4.342192131525544e+06
4.543750000000000e+00 4.328597556623897e+06
4.550000000000000e+00 4.314442215553734e+06
4.556250000000000e+00 4.299995081382948e+06
4.562500000000000e+00 4.285446117684991e+06
4.568750000000000e+00 4.270781936363207e+06
4.575000000000000e+00 4.255915809367720e+06
4.581250000000000e+00 4.240715643091550e+06
4.587500000000000e+00 4.225124333636059e+06
4.593750000000000e+00 4.209232784850757e+06
4.600000000000000e+00 4.193284550892501e+06
4.606250000000000e+00 4.177610336553712e+06
4.612500000000000e+00 4.162592353273422e+06
4.618750000000000e+00 4.148483813017529e+06
4.625000000000000e+00 4.135409717223146e+06
4.631250000000000e+00 4.123443412058809e+06
4.637500000000000e+00 4.112638028327435e+06
4.643750000000000e+00 4.103095353739393e+06
4.650000000000000e+00 4.094977218596461e+06
4.656250000000000e+00 4.088448619081029e+06
4.662500000000000e+00 4.083582381571106e+06
4.668750000000000e+00 4.080340699324615e+06
4.675000000000000e+00 4.078499828875647e+06
4.681250000000000e+00 4.077734624873218e+06
4.687500000000000e+00 4.077789223531765e+06
4.693750000000000e+00 4.078536912722748e+06
4.700000000000000e+00 4.080026079937949e+06
4.706250000000000e+00 4.082440612174136e+06
4.712500000000000e+00 4.085992778775912e+06
4.718750000000000e+00 4.090793636620418e+06
4.725000000000000e+00 4.096722021740862e+06
4.731250000000000e+00 4.103474803325039e+06
4.737500000000000e+00 4.110604198941928e+06
4.743750000000000e+00 4.117580695423393e+06
4.750000000000000e+00 4.123950287888705e+06
4.756250000000000e+00 4.129441509812590e+06
4.762500000000000e+00 4.134017119676226e+06
4.768750000000000e+00 4.137854280749375e+06
4.775000000000000e+00 4.141253234097218e+06
4.781250000000000e+00 4.144506311148938e+06
4.787500000000000e+00 4.147759959883023e+06
4.793750000000000e+00 4.150968698693006e+06
4.800000000000000e+00 4.153858253290769e+06
4.806250000000000e+00 4.156037818787369e+06
4.812500000000000e+00 4.157135026372441e+06
4.818750000000000e+00 4.156903467145158e+06
4.825000000000000e+00 4.155256405818958e+06
4.831250000000000e+00 4.152218694623356e+06
4.837500000000000e+00 4.147869678238138e+06
4.843750000000000e+00 4.142234084952778e+06
4.850000000000000e+00 4.135193368765137e+06
4.856250000000000e+00 4.126639793180862e+06
4.862500000000000e+00 4.116481166439133e+06
4.868750000000000e+00 4.104722047246607e+06
4.875000000000000e+00 4.091493568993098e+06
4.881250000000000e+00 4.077016039649450e+06
4.887500000000000e+00 4.061512306369985e+06
4.893750000000000e+00 4.045142119333980e+06
4.900000000000000e+00 4.027939069605689e+06
4.906250000000000e+00 4.009819736544404e+06
4.912500000000000e+00 3.990699647230506e+06
4.918750000000000e+00 3.970558269670528e+06
4.925000000000000e+00 3.949511643321819e+06
4.931250000000000e+00 3.927824919106646e+06
4.937500000000000e+00 3.905860370976228e+06
4.943750000000000e+00 3.883982345308406e+06
4.950000000000000e+00 3.862913503981834e+06
4.956250000000000e+00 3.842776234381647e+06
4.962500000000000e+00 3.823850286794553e+06
4.968750000000000e+00 3.806366464093040e+06
4.975000000000000e+00 3.790511855086840e+06
4.981250000000000e+00 3.776414592601553e+06
4.987500000000000e+00 3.764119115491319e+06
4.993750000000000e+00 3.753575494970961e+06
5.000000000000000e+00 3.744652170767784e+06
