<X> <Y>
6.250000000000000e-03 2.515735043854956e+12
1.250000000000000e-02 2.478419996378407e+12
1.875000000000000e-02 2.429775183209977e+12
2.500000000000000e-02 2.367878652462408e+12
3.125000000000000e-02 2.291454185847222e+12
3.750000000000000e-02 2.200220325041296e+12
4.375000000000000e-02 2.095005176177575e+12
5.000000000000000e-02 1.977561278246772e+12
5.625000000000000e-02 1.850190492144990e+12
6.250000000000000e-02 1.714513464952108e+12
6.875000000000001e-02 1.574201821328059e+12
7.500000000000000e-02 1.431414077852687e+12
8.125000000000000e-02 1.288298137366669e+12
8.749999999999999e-02 1.146971947483153e+12
9.375000000000000e-02 1.009464504861165e+12
1.000000000000000e-01 8.776324462003002e+11
1.062500000000000e-01 7.530801681645897e+11
1.125000000000000e-01 6.371080533888877e+11
1.187500000000000e-01 5.306984437902748e+11
1.250000000000000e-01 4.345318665011490e+11
1.312500000000000e-01 3.490433128632645e+11
1.375000000000000e-01 2.744242240901608e+11
1.437500000000000e-01 2.106434648161478e+11
1.500000000000000e-01 1.574551476406016e+11
1.562500000000000e-01 1.144047217178757e+11
1.625000000000000e-01 8.084343810958730e+10
1.687500000000000e-01 5.595751918217223e+10
1.750000000000000e-01 3.880644300475997e+10
1.812500000000000e-01 2.836630704002773e+10
1.875000000000000e-01 2.357160634289403e+10
1.937500000000000e-01 2.334924620996268e+10
2.000000000000000e-01 2.665230108330029e+10
2.062500000000000e-01 3.248708324308382e+10
2.125000000000000e-01 3.993428826840238e+10
2.187500000000000e-01 4.816482762067333e+10
2.250000000000000e-01 5.645370780660007e+10
2.312500000000000e-01 6.418803711914434e+10
2.375000000000000e-01 7.087439183341852e+10
2.437500000000000e-01 7.614562837769350e+10
2.500000000000000e-01 7.976458259612178e+10
2.562500000000000e-01 8.161943727359137e+10
2.625000000000000e-01 8.171036553741084e+10
2.687500000000000e-01 8.012879371245648e+10
2.750000000000000e-01 7.703351087149886e+10
2.812500000000000e-01 7.262925604499861e+10
2.875000000000000e-01 6.714918096349403e+10
2.937500000000000e-01 6.084684355536045e+10
3.000000000000000e-01 5.399175596705595e+10
3.062500000000000e-01 4.686065105577493e+10
3.125000000000000e-01 3.972724636268382e+10
3.187500000000000e-01 3.284803720681837e+10
3.250000000000000e-01 2.644705792096088e+10
3.312500000000000e-01 2.070352674813336e+10
3.375000000000000e-01 1.574548091965740e+10
3.437500000000000e-01 1.164856894945629e+10
3.500000000000000e-01 8.442818899334605e+09
3.562500000000000e-01 6.118486499357030e+09
3.625000000000000e-01 4.631342354753271e+09
3.687500000000000e-01 3.909043762224650e+09
3.750000000000000e-01 3.856580045365445e+09
3.812500000000000e-01 4.361674759769945e+09
3.875000000000000e-01 5.300696850853354e+09
3.937500000000000e-01 6.545654775802309e+09
4.000000000000000e-01 7.969884311996419e+09
4.062500000000000e-01 9.454765499041977e+09
4.125000000000000e-01 1.089382108632095e+10
4.187500000000000e-01 1.219626788268854e+10
4.250000000000000e-01 1.328926059926313e+10
4.312500000000000e-01 1.411875443775372e+10
4.375000000000000e-01 1.464928570703568e+10
4.437500000000000e-01 1.486308137407294e+10
4.500000000000000e-01 1.475908129711272e+10
4.562500000000000e-01 1.435131000756800e+10
4.625000000000000e-01 1.366800321185684e+10
4.687500000000000e-01 1.274982370457483e+10
4.750000000000000e-01 1.164724694120564e+10
4.812500000000000e-01 1.041688554795646e+10
4.875000000000000e-01 9.117125220920219e+09
4.937500000000000e-01 7.803818354923405e+09
5.000000000000000e-01 6.526835481644819e+09
5.062500000000000e-01 5.327997186449029e+09
5.125000000000000e-01 4.240134622170349e+09
5.187500000000000e-01 3.288004272320216e+09
5.250000000000000e-01 2.488347460513099e+09
5.312500000000000e-01 1.850390866670004e+09
5.375000000000000e-01 1.376188348962957e+09
5.437500000000000e-01 1.060899314285201e+09
5.500000000000000e-01 8.933010229444581e+08
5.562500000000000e-01 8.567642988656619e+08
5.625000000000000e-01 9.305839412477694e+08
5.687500000000000e-01 1.091399530768750e+09
5.750000000000000e-01 1.315021002281073e+09
5.812500000000000e-01 1.577421208834627e+09
5.875000000000000e-01 1.855898682064258e+09
5.937500000000000e-01 2.129931563762439e+09
6.000000000000000e-01 2.381787895441588e+09
6.062500000000000e-01 2.596952697233858e+09
6.125000000000000e-01 2.764451971196375e+09
6.187500000000000e-01 2.877027396395401e+09
6.250000000000000e-01 2.931169527853772e+09
6.312500000000000e-01 2.927062362291347e+09
6.375000000000000e-01 2.868279980431953e+09
6.437500000000000e-01 2.761213804131835e+09
6.500000000000000e-01 2.614263139966526e+09
6.562500000000000e-01 2.436903983276065e+09
6.625000000000000e-01 2.238800174966414e+09
6.687500000000000e-01 2.029105807933664e+09
6.750000000000000e-01 1.816036964029491e+09
6.812500000000000e-01 1.606725473810975e+09
6.875000000000000e-01 1.407249628842157e+09
6.937500000000000e-01 1.222598585988099e+09
7.000000000000000e-01 1.056656605893518e+09
7.062500000000000e-01 9.121193187541280e+08
7.125000000000000e-01 7.904019258225362e+08
7.187500000000000e-01 6.916146337334746e+08
7.250000000000000e-01 6.146543374374700e+08
7.312500000000000e-01 5.574049831233478e+08
7.375000000000000e-01 5.170394581258590e+08
7.437500000000000e-01 4.903325956678686e+08
7.500000000000000e-01 4.738924847607253e+08
7.562500000000000e-01 4.644009685541630e+08
7.625000000000000e-01 4.587887530217990e+08
7.687500000000000e-01 4.543593294707528e+08
7.750000000000000e-01 4.488767433180736e+08
7.812500000000000e-01 4.406315069107544e+08
7.875000000000000e-01 4.284705755157392e+08
7.937500000000000e-01 4.117991481374555e+08
8.000000000000000e-01 3.905666585624480e+08
8.062500000000000e-01 3.651867582934360e+08
8.125000000000000e-01 3.364332194644099e+08
8.187500000000000e-01 3.053083698840617e+08
8.250000000000000e-01 2.729060639418469e+08
8.312500000000000e-01 2.402931797411719e+08
8.375000000000000e-01 2.084285166863734e+08
8.437500000000000e-01 1.781199743078445e+08
8.500000000000000e-01 1.500154510569100e+08
8.562500000000000e-01 1.246193135459158e+08
8.625000000000000e-01 1.022916387748932e+08
8.687500000000000e-01 8.324935085880506e+07
8.750000000000000e-01 6.756048788964181e+07
8.812500000000000e-01 5.514129042073176e+07
8.875000000000000e-01 4.576553460715786e+07
8.937500000000000e-01 3.909156658245051e+07
9.000000000000000e-01 3.469899857825710e+07
9.062500000000000e-01 3.214327105973554e+07
9.125000000000000e-01 3.099414320140442e+07
9.187500000000000e-01 3.087135080437001e+07
9.250000000000000e-01 3.147090276302676e+07
9.312500000000000e-01 3.257853195880078e+07
9.375000000000000e-01 3.407244605941822e+07
9.437500000000000e-01 3.591771692882597e+07
9.500000000000000e-01 3.815634645892346e+07
9.562500000000000e-01 4.089093902630483e+07
9.625000000000000e-01 4.426740022355810e+07
9.687500000000000e-01 4.845382205224802e+07
9.750000000000000e-01 5.362129104714465e+07
9.812500000000000e-01 5.992649109242956e+07
9.875000000000000e-01 6.749650087874046e+07
9.937500000000000e-01 7.641511985017547e+07
1.000000000000000e+00 8.670944995076692e+07
1.006250000000000e+00 9.834326604845312e+07
1.012500000000000e+00 1.112012917113172e+08
1.018750000000000e+00 1.250873463841918e+08
1.025000000000000e+00 1.397265122680169e+08
1.031250000000000e+00 1.547792026588347e+08
1.037500000000000e+00 1.698633401339998e+08
1.043750000000000e+00 1.845800401606409e+08
1.050000000000000e+00 1.985365820393767e+08
1.056250000000000e+00 2.113654402331094e+08
1.062500000000000e+00 2.227324882185165e+08
1.068750000000000e+00 2.323393318810930e+08
1.075000000000000e+00 2.399310042808218e+08
1.081250000000000e+00 2.453041563591388e+08
1.087500000000000e+00 2.483178376270242e+08
1.093750000000000e+00 2.489043785225179e+08
1.100000000000000e+00 2.470768910437589e+08
1.106250000000000e+00 2.429315910022223e+08
1.112500000000000e+00 2.366504839503031e+08
1.118750000000000e+00 2.284883803785464e+08
1.125000000000000e+00 2.187690531488798e+08
1.131250000000000e+00 2.078814752281530e+08
1.137500000000000e+00 1.962629042233344e+08
1.143750000000000e+00 1.843805284338190e+08
1.150000000000000e+00 1.727087516657128e+08
1.156250000000000e+00 1.617058346817961e+08
1.162500000000000e+00 1.517942590895842e+08
1.168750000000000e+00 1.433474703973361e+08
1.175000000000000e+00 1.366861489831450e+08
1.181250000000000e+00 1.320732774780263e+08
1.187500000000000e+00 1.297115178388977e+08
1.193750000000000e+00 1.297339748480925e+08
1.200000000000000e+00 1.321967469357779e+08
1.206250000000000e+00 1.370729719751894e+08
1.212500000000000e+00 1.442508380240543e+08
1.218750000000000e+00 1.535354724385040e+08
1.225000000000000e+00 1.646583452550710e+08
1.231250000000000e+00 1.772787854998597e+08
1.237500000000000e+00 1.909998605544242e+08
1.243750000000000e+00 2.053736925728066e+08
1.250000000000000e+00 2.199214650261174e+08
1.256250000000000e+00 2.341546223146302e+08
1.262500000000000e+00 2.475971717272201e+08
1.268750000000000e+00 2.598060948852222e+08
1.275000000000000e+00 2.703879204841500e+08
1.281250000000000e+00 2.790135620180423e+08
1.287500000000000e+00 2.854288003281931e+08
1.293750000000000e+00 2.894597530291832e+08
1.300000000000000e+00 2.910266970223753e+08
1.306250000000000e+00 2.901450564998412e+08
1.312500000000000e+00 2.869231018036193e+08
1.318750000000000e+00 2.815523233794410e+08
1.325000000000000e+00 2.742919816770132e+08
1.331250000000000e+00 2.654509434118437e+08
1.337500000000000e+00 2.553730719717662e+08
1.343750000000000e+00 2.444181056512727e+08
1.350000000000000e+00 2.329569983136097e+08
1.356250000000000e+00 2.213604817232230e+08
1.362500000000000e+00 2.099865310862190e+08
1.368750000000000e+00 1.991654938984236e+08
1.375000000000000e+00 1.891820686420868e+08
1.381250000000000e+00 1.802574904743792e+08
1.387500000000000e+00 1.725360025289199e+08
1.393750000000000e+00 1.660819514379903e+08
1.400000000000000e+00 1.608792060659877e+08
1.406250000000000e+00 1.568435266920399e+08
1.412500000000000e+00 1.538371984353294e+08
1.418750000000000e+00 1.516810539030895e+08
1.425000000000000e+00 1.501683077657968e+08
1.431250000000000e+00 1.490761176284190e+08
1.437500000000000e+00 1.481756759346689e+08
1.443750000000000e+00 1.472418910092669e+08
1.450000000000000e+00 1.460670829364758e+08
1.456250000000000e+00 1.444656223594453e+08
1.462500000000000e+00 1.422918062631845e+08
1.468750000000000e+00 1.394461231697701e+08
1.475000000000000e+00 1.358812620862571e+08
1.481250000000000e+00 1.316026480808436e+08
1.487500000000000e+00 1.266636053399930e+08
1.493750000000000e+00 1.211570967739075e+08
1.500000000000000e+00 1.152063501343982e+08
1.506250000000000e+00 1.089593817761016e+08
1.512500000000000e+00 1.025810263885642e+08
1.518750000000000e+00 9.625267163292456e+07
1.525000000000000e+00 9.016447532153223e+07
1.531250000000000e+00 8.450653407434590e+07
1.537500000000000e+00 7.945702364715795e+07
1.543750000000000e+00 7.516912038892214e+07
1.550000000000000e+00 7.175938107093732e+07
1.556250000000000e+00 6.930134875381650e+07
1.562500000000000e+00 6.782082103342900e+07
1.568750000000000e+00 6.729622207531589e+07
1.575000000000000e+00 6.766761992214029e+07
1.581250000000000e+00 6.883793937231417e+07
1.587500000000000e+00 7.068205441879158e+07
1.593750000000000e+00 7.305440440865004e+07
1.600000000000000e+00 7.579638653921792e+07
1.606250000000000e+00 7.874365592041549e+07
1.612500000000000e+00 8.173358975053434e+07
1.618750000000000e+00 8.461493106815240e+07
1.625000000000000e+00 8.725237204232208e+07
1.631250000000000e+00 8.953629746139011e+07
1.637500000000000e+00 9.138660717818220e+07
1.643750000000000e+00 9.275570303088100e+07
1.650000000000000e+00 9.362854415853436e+07
1.656250000000000e+00 9.401991662821874e+07
1.662500000000000e+00 9.396939720553596e+07
1.668750000000000e+00 9.353488143903892e+07
1.675000000000000e+00 9.278662333951131e+07
1.681250000000000e+00 9.180154301820278e+07
1.687500000000000e+00 9.065811370208529e+07
1.693750000000000e+00 8.943314221941648e+07
1.700000000000000e+00 8.819886068135801e+07
1.706250000000000e+00 8.701978999713795e+07
1.712500000000000e+00 8.594914559498522e+07
1.718750000000000e+00 8.502499537664327e+07
1.725000000000000e+00 8.426565751356903e+07
1.731250000000000e+00 8.367076274691349e+07
1.737500000000000e+00 8.321731608094393e+07
1.743750000000000e+00 8.286500671947888e+07
1.750000000000000e+00 8.255918978782935e+07
1.756250000000000e+00 8.223776380221170e+07
1.762500000000000e+00 8.183871217423446e+07
1.768750000000000e+00 8.130705529459503e+07
1.775000000000000e+00 8.059993523822080e+07
1.781250000000000e+00 7.969213503291139e+07
1.787500000000000e+00 7.857172953471026e+07
1.793750000000000e+00 7.724180267843612e+07
1.800000000000000e+00 7.571985636806686e+07
1.806250000000000e+00 7.403496584370793e+07
1.812500000000000e+00 7.222586650241740e+07
1.818750000000000e+00 7.033795076867381e+07
1.825000000000000e+00 6.841933420364285e+07
1.831250000000000e+00 6.651692635577407e+07
1.837500000000000e+00 6.467387112920484e+07
1.843750000000000e+00 6.293016279605405e+07
1.850000000000000e+00 6.131969075284870e+07
1.856250000000000e+00 5.987451650999262e+07
1.862500000000000e+00 5.862188255506670e+07
1.868750000000000e+00 5.758224904416957e+07
1.875000000000000e+00 5.676676572109724e+07
1.881250000000000e+00 5.617517677901029e+07
1.887500000000000e+00 5.579464946077292e+07
1.893750000000000e+00 5.560075314042713e+07
1.900000000000000e+00 5.555620097840127e+07
1.906250000000000e+00 5.561726590612242e+07
1.912500000000000e+00 5.573239981708360e+07
1.918750000000000e+00 5.584820188132359e+07
1.925000000000000e+00 5.591390549351498e+07
1.931250000000000e+00 5.588550621830133e+07
1.937500000000000e+00 5.572893027192508e+07
1.943750000000000e+00 5.542198787598791e+07
1.950000000000000e+00 5.495721454016098e+07
1.956250000000000e+00 5.433941926079181e+07
1.962500000000000e+00 5.358710420705929e+07
1.968750000000000e+00 5.273244783736602e+07
1.975000000000000e+00 5.181839865207574e+07
1.981250000000000e+00 5.089534912775346e+07
1.987500000000000e+00 5.001648735804186e+07
1.993750000000000e+00 4.923260098680332e+07
2.000000000000000e+00 4.858749224467374e+07
2.006250000000000e+00 4.811583154260458e+07
2.012500000000000e+00 4.784049427494022e+07
2.018750000000000e+00 4.777440902065529e+07
2.025000000000000e+00 4.792053645432132e+07
2.031250000000000e+00 4.827234498882031e+07
2.037500000000000e+00 4.881372924807783e+07
2.043750000000000e+00 4.951849487306830e+07
2.050000000000000e+00 5.034995451270565e+07
2.056250000000000e+00 5.126169696323686e+07
2.062500000000000e+00 5.219912925123756e+07
2.068750000000000e+00 5.310077774824668e+07
2.075000000000000e+00 5.390486144302147e+07
2.081250000000000e+00 5.455087871802401e+07
2.087500000000000e+00 5.498467619673304e+07
2.093750000000000e+00 5.516165298816352e+07
2.100000000000000e+00 5.504874841495179e+07
2.106250000000000e+00 5.462537121354072e+07
2.112500000000000e+00 5.388349516041660e+07
2.118750000000000e+00 5.282879419675136e+07
2.125000000000000e+00 5.147960880019642e+07
2.131250000000000e+00 4.986863705729160e+07
2.137500000000000e+00 4.804148703990594e+07
2.143750000000000e+00 4.605490804420558e+07
2.150000000000000e+00 4.397363159227612e+07
2.156250000000000e+00 4.186629549854798e+07
2.162500000000000e+00 3.980115024970924e+07
2.168750000000000e+00 3.784305748716454e+07
2.175000000000000e+00 3.604936365324428e+07
2.181250000000000e+00 3.446904174785390e+07
2.187500000000000e+00 3.314184094393342e+07
2.193750000000000e+00 3.209684491143561e+07
2.200000000000000e+00 3.135178658034918e+07
2.206250000000000e+00 3.091217075025674e+07
2.212500000000000e+00 3.077055166805135e+07
2.218750000000000e+00 3.090647591726696e+07
2.225000000000000e+00 3.128782577264169e+07
2.231250000000000e+00 3.187338259236401e+07
2.237500000000000e+00 3.261506789936992e+07
2.243750000000000e+00 3.346266455245434e+07
2.250000000000000e+00 3.436613605017440e+07
2.256250000000000e+00 3.527824935518055e+07
2.262500000000000e+00 3.615635857193582e+07
2.268750000000000e+00 3.696346552579673e+07
2.275000000000000e+00 3.766870621280935e+07
2.281250000000000e+00 3.824752668770926e+07
2.287500000000000e+00 3.868178599319586e+07
2.293750000000000e+00 3.896025835511099e+07
2.300000000000000e+00 3.907808553613388e+07
2.306250000000000e+00 3.903726308938605e+07
2.312500000000000e+00 3.884645542850901e+07
2.318750000000000e+00 3.852022152681597e+07
2.325000000000000e+00 3.807758767562559e+07
2.331250000000000e+00 3.754010070587916e+07
2.337500000000000e+00 3.693055539841642e+07
2.343750000000000e+00 3.626990616601789e+07
2.350000000000000e+00 3.557701033474330e+07
2.356250000000000e+00 3.486826295536610e+07
2.362500000000000e+00 3.415716884983567e+07
2.368750000000000e+00 3.345449461512114e+07
2.375000000000000e+00 3.276826161208371e+07
2.381250000000000e+00 3.210361381520047e+07
2.387500000000000e+00 3.146280324901561e+07
2.393750000000000e+00 3.084631688961205e+07
2.400000000000000e+00 3.025295565250462e+07
2.406250000000000e+00 2.968162266016076e+07
2.412500000000000e+00 2.913302433161132e+07
2.418750000000000e+00 2.860990468634784e+07
2.425000000000000e+00 2.811717224239036e+07
2.431250000000000e+00 2.766140735866820e+07
2.437500000000000e+00 2.725005902985849e+07
2.443750000000000e+00 2.689062810781499e+07
2.450000000000000e+00 2.659057743410269e+07
2.456250000000000e+00 2.635636450637754e+07
2.462500000000000e+00 2.619464118970938e+07
2.468750000000000e+00 2.611114204420917e+07
2.475000000000000e+00 2.611099619567110e+07
2.481250000000000e+00 2.619846030680922e+07
2.487500000000000e+00 2.637650980083108e+07
2.493750000000000e+00 2.664632132292081e+07
2.500000000000000e+00 2.700691645724548e+07
2.506250000000000e+00 2.745473728117302e+07
2.512500000000000e+00 2.798272867408963e+07
2.518750000000000e+00 2.858124235949118e+07
2.525000000000000e+00 2.923748354591426e+07
2.531250000000000e+00 2.993649696721227e+07
2.537500000000000e+00 3.066213134868052e+07
2.543750000000000e+00 3.139803562331629e+07
2.550000000000000e+00 3.212847657343360e+07
2.556250000000000e+00 3.283935187093162e+07
2.562500000000000e+00 3.351841992958137e+07
2.568750000000000e+00 3.415525116602083e+07
2.575000000000000e+00 3.474210191155776e+07
2.581250000000000e+00 3.527378563493948e+07
2.587500000000000e+00 3.574773515281677e+07
2.593750000000000e+00 3.616378556848527e+07
2.600000000000000e+00 3.652360989259098e+07
2.606250000000000e+00 3.682986153133181e+07
2.612500000000000e+00 3.708471821558093e+07
2.618750000000000e+00 3.729067252278429e+07
2.625000000000000e+00 3.744858918452679e+07
2.631250000000000e+00 3.755846232933167e+07
2.637500000000000e+00 3.761956794465788e+07
2.643750000000000e+00 3.763117297669894e+07
2.650000000000000e+00 3.759324505620779e+07
2.656250000000000e+00 3.750687483401626e+07
2.662500000000000e+00 3.737409911402039e+07
2.668750000000000e+00 3.719736458640262e+07
2.675000000000000e+00 3.697810420154051e+07
2.681250000000000e+00 3.671587129362239e+07
2.687500000000000e+00 3.640820266606561e+07
2.693750000000000e+00 3.605105820615496e+07
2.700000000000000e+00 3.564020920101511e+07
2.706250000000000e+00 3.517269355300712e+07
2.712500000000000e+00 3.464787336734836e+07
2.718750000000000e+00 3.406788649920850e+07
2.725000000000000e+00 3.343776199598609e+07
2.731250000000000e+00 3.276563201844857e+07
2.737500000000000e+00 3.206093989870326e+07
2.743750000000000e+00 3.133625882820443e+07
2.750000000000000e+00 3.060582668794380e+07
2.756250000000000e+00 2.988519780121314e+07
2.762500000000000e+00 2.919061106100960e+07
2.768750000000000e+00 2.853812891209858e+07
2.775000000000000e+00 2.794262212062187e+07
2.781250000000000e+00 2.741710716669682e+07
2.787500000000000e+00 2.697169777952551e+07
2.793750000000000e+00 2.661326683076086e+07
2.800000000000000e+00 2.634558266970352e+07
2.806250000000000e+00 2.616929518007421e+07
2.812500000000000e+00 2.608243650164904e+07
2.818750000000000e+00 2.608089441534841e+07
2.825000000000000e+00 2.615877293568126e+07
2.831250000000000e+00 2.630860218313350e+07
2.837500000000000e+00 2.652186198975689e+07
2.843750000000000e+00 2.678903844834258e+07
2.850000000000000e+00 2.709980252883184e+07
2.856250000000000e+00 2.744403080855064e+07
2.862500000000000e+00 2.781197109933986e+07
2.868750000000000e+00 2.819482594311442e+07
2.875000000000000e+00 2.858509125365142e+07
2.881250000000000e+00 2.897657003280640e+07
2.887500000000000e+00 2.936403605857740e+07
2.893750000000000e+00 2.974357085787954e+07
2.900000000000000e+00 3.011100410455890e+07
2.906250000000000e+00 3.046251159359905e+07
2.912500000000000e+00 3.079463570032496e+07
2.918750000000000e+00 3.110433917402752e+07
2.925000000000000e+00 3.138914066611448e+07
2.931250000000000e+00 3.164689599854266e+07
2.937500000000000e+00 3.187523109588721e+07
2.943750000000000e+00 3.207083438529781e+07
2.950000000000000e+00 3.222903169960474e+07
2.956250000000000e+00 3.234418368690063e+07
2.962500000000000e+00 3.240995781926185e+07
2.968750000000000e+00 3.242063092388226e+07
2.975000000000000e+00 3.237193766274103e+07
2.981250000000000e+00 3.226198510289710e+07
2.987500000000000e+00 3.209177867894924e+07
2.993750000000000e+00 3.186530755548781e+07
3.000000000000000e+00 3.158926855730070e+07
3.006250000000000e+00 3.127269724595625e+07
3.012500000000000e+00 3.092538562199473e+07
3.018750000000000e+00 3.055844968153924e+07
3.025000000000000e+00 3.018315895541245e+07
3.031250000000000e+00 2.981109975426940e+07
3.037500000000000e+00 2.945421690759981e+07
3.043750000000000e+00 2.912460975225432e+07
3.050000000000000e+00 2.883397194583100e+07
3.056250000000000e+00 2.859272983880410e+07
3.062500000000000e+00 2.840983611766363e+07
3.068750000000000e+00 2.829158579309874e+07
3.075000000000000e+00 2.824143222191029e+07
3.081250000000000e+00 2.826065063236926e+07
3.087500000000000e+00 2.834796496655591e+07
3.093750000000000e+00 2.849976645408891e+07
3.100000000000000e+00 2.871019838434575e+07
3.106250000000000e+00 2.897109852583186e+07
3.112500000000000e+00 2.927243269875356e+07
3.118750000000000e+00 2.960179344362381e+07
3.125000000000000e+00 2.994484855963858e+07
3.131250000000000e+00 3.028648413482105e+07
3.137500000000000e+00 3.061138696201471e+07
3.143750000000000e+00 3.090510517602270e+07
3.150000000000000e+00 3.115482175990232e+07
3.156250000000000e+00 3.134975640256087e+07
3.162500000000000e+00 3.148130227406092e+07
3.168750000000000e+00 3.154337787546547e+07
3.175000000000000e+00 3.153280520517627e+07
3.181250000000000e+00 3.144939183104220e+07
3.187500000000000e+00 3.129726993640705e+07
3.193750000000000e+00 3.108461768597714e+07
3.200000000000000e+00 3.082334856713771e+07
3.206250000000000e+00 3.052818226447476e+07
3.212500000000000e+00 3.021529983788885e+07
3.218750000000000e+00 2.990085857767903e+07
3.225000000000000e+00 2.959973808665442e+07
3.231250000000000e+00 2.932471992157989e+07
3.237500000000000e+00 2.908610453168891e+07
3.243750000000000e+00 2.889137367446175e+07
3.250000000000000e+00 2.874529313777038e+07
3.256250000000000e+00 2.865012310315859e+07
3.262500000000000e+00 2.860572812323494e+07
3.268750000000000e+00 2.860951949049148e+07
3.275000000000000e+00 2.865620874949011e+07
3.281250000000000e+00 2.873822368179227e+07
3.287500000000000e+00 2.884465282050259e+07
3.293750000000000e+00 2.896212670417005e+07
3.300000000000000e+00 2.907560410439727e+07
3.306250000000000e+00 2.916922072540209e+07
3.312500000000000e+00 2.922746443091695e+07
3.318750000000000e+00 2.923605332053104e+07
3.325000000000000e+00 2.918240280565777e+07
3.331250000000000e+00 2.905579545079461e+07
3.337500000000000e+00 2.884796743489182e+07
3.343750000000000e+00 2.855311145291695e+07
3.350000000000000e+00 2.816857309415222e+07
3.356250000000000e+00 2.769602760683247e+07
3.362500000000000e+00 2.714142181556156e+07
3.368750000000000e+00 2.651476321708753e+07
3.375000000000000e+00 2.582929831885971e+07
3.381250000000000e+00 2.510032344663394e+07
3.387500000000000e+00 2.434395378722684e+07
3.393750000000000e+00 2.357626666259408e+07
3.400000000000000e+00 2.281261246532914e+07
3.406250000000000e+00 2.206810410213963e+07
3.412500000000000e+00 2.135704614649341e+07
3.418750000000000e+00 2.069315030494221e+07
3.425000000000000e+00 2.008940077445873e+07
3.431250000000000e+00 1.955769045839663e+07
3.437500000000000e+00 1.910829959849861e+07
3.443750000000000e+00 1.874929025593418e+07
3.450000000000000e+00 1.848675911543508e+07
3.456250000000000e+00 1.832325411110285e+07
3.462500000000000e+00 1.825884056384637e+07
3.468750000000000e+00 1.829086039144043e+07
3.475000000000000e+00 1.841429204167997e+07
3.481250000000000e+00 1.862216763592336e+07
3.487500000000000e+00 1.890578497418366e+07
3.493750000000000e+00 1.925467545955819e+07
3.500000000000000e+00 1.965650297195187e+07
3.506250000000000e+00 2.009753284129493e+07
3.512500000000000e+00 2.056250344831504e+07
3.518750000000000e+00 2.103563862053638e+07
3.525000000000000e+00 2.150180394024864e+07
3.531250000000000e+00 2.194714835509331e+07
3.537500000000000e+00 2.235966585359605e+07
3.543750000000000e+00 2.272933700798718e+07
3.550000000000000e+00 2.304793028702038e+07
3.556250000000000e+00 2.330869912839155e+07
3.562500000000000e+00 2.350646089473737e+07
3.568750000000000e+00 2.363681491847014e+07
3.575000000000000e+00 2.369768038572189e+07
3.581250000000000e+00 2.368882326676914e+07
3.587500000000000e+00 2.361270054093355e+07
3.593750000000000e+00 2.347465708790498e+07
3.600000000000000e+00 2.328270469623683e+07
3.606250000000000e+00 2.304692043375413e+07
3.612500000000000e+00 2.277903638912899e+07
3.618750000000000e+00 2.249139205951801e+07
3.625000000000000e+00 2.219652276963940e+07
3.631250000000000e+00 2.190754874502918e+07
3.637500000000000e+00 2.163768821667603e+07
3.643750000000000e+00 2.140007974536446e+07
3.650000000000000e+00 2.120725002697609e+07
3.656250000000000e+00 2.107029212802518e+07
3.662500000000000e+00 2.099797014284691e+07
3.668750000000000e+00 2.099630285246583e+07
3.675000000000000e+00 2.106827139452053e+07
3.681250000000000e+00 2.121377856777321e+07
3.687500000000000e+00 2.143062665920104e+07
3.693750000000000e+00 2.171460883314846e+07
3.700000000000000e+00 2.205992605757850e+07
3.706250000000000e+00 2.245936501757440e+07
3.712500000000000e+00 2.290428278909342e+07
3.718750000000000e+00 2.338448071290223e+07
3.725000000000000e+00 2.388811103696988e+07
3.731250000000000e+00 2.440205870468026e+07
3.737500000000000e+00 2.491222875100601e+07
3.743750000000000e+00 2.540418797226001e+07
3.750000000000000e+00 2.586413698104245e+07
3.756250000000000e+00 2.627993395283371e+07
3.762500000000000e+00 2.664191576213444e+07
3.768750000000000e+00 2.694333846606400e+07
3.775000000000000e+00 2.718033832475577e+07
3.781250000000000e+00 2.735199823874573e+07
3.787500000000000e+00 2.745909932237270e+07
3.793750000000000e+00 2.750409496225478e+07
3.800000000000000e+00 2.749091177803472e+07
3.806250000000000e+00 2.742472964871897e+07
3.812500000000000e+00 2.731192101009396e+07
3.818750000000000e+00 2.715971356685416e+07
3.825000000000000e+00 2.697553590787089e+07
3.831250000000000e+00 2.676620876934043e+07
3.837500000000000e+00 2.653800729096547e+07
3.843750000000000e+00 2.629558116109833e+07
3.850000000000000e+00 2.604262713863596e+07
3.856250000000000e+00 2.578285871710230e+07
3.862500000000000e+00 2.551998780172426e+07
3.868750000000000e+00 2.525777248278328e+07
3.875000000000000e+00 2.499957122060761e+07
3.881250000000000e+00 2.474761501356321e+07
3.887500000000000e+00 2.450234688445239e+07
3.893750000000000e+00 2.426267169529940e+07
3.900000000000000e+00 2.402559928351581e+07
3.906250000000000e+00 2.378801300150385e+07
3.912500000000000e+00 2.354717556785938e+07
3.918750000000000e+00 2.330154470742344e+07
3.925000000000000e+00 2.305101869384994e+07
3.931250000000000e+00 2.279664935044931e+07
3.937500000000000e+00 2.254003799648832e+07
3.943750000000000e+00 2.228269481238416e+07
3.950000000000000e+00 2.202600591943618e+07
3.956250000000000e+00 2.177059550214660e+07
3.962500000000000e+00 2.151759086216784e+07
3.968750000000000e+00 2.126821386018693e+07
3.975000000000000e+00 2.102433015024046e+07
3.981250000000000e+00 2.078845838284871e+07
3.987500000000000e+00 2.056344880931964e+07
3.993750000000000e+00 2.035192499903616e+07
4.000000000000000e+00 2.015556823605870e+07
4.006250000000000e+00 1.997515628087838e+07
4.012500000000000e+00 1.980969563795118e+07
4.018750000000000e+00 1.965741502348590e+07
4.025000000000000e+00 1.951581212032004e+07
4.031250000000000e+00 1.938243886599215e+07
4.037500000000000e+00 1.925549876231605e+07
4.043750000000000e+00 1.913417800037473e+07
4.050000000000000e+00 1.901865185416934e+07
4.056250000000000e+00 1.891008831087552e+07
4.062500000000000e+00 1.881018613465125e+07
4.068750000000000e+00 1.872085944944071e+07
4.075000000000000e+00 1.864469100323629e+07
4.081250000000000e+00 1.858482817259583e+07
4.087500000000000e+00 1.854510271650536e+07
4.093750000000000e+00 1.852996567335914e+07
4.100000000000000e+00 1.854413347048794e+07
4.106250000000000e+00 1.859203109734412e+07
4.112500000000000e+00 1.867739308704110e+07
4.118750000000000e+00 1.880301120206432e+07
4.125000000000000e+00 1.897014003449180e+07
4.131250000000000e+00 1.917924790845634e+07
4.137500000000000e+00 1.942974284335908e+07
4.143750000000000e+00 1.972008681049169e+07
4.150000000000000e+00 2.004772912500817e+07
4.156250000000000e+00 2.040885982404898e+07
4.162500000000000e+00 2.079802962124268e+07
4.168750000000000e+00 2.120768249953013e+07
4.175000000000000e+00 2.162845960710809e+07
4.181250000000000e+00 2.204893773047471e+07
4.187500000000000e+00 2.245633677955656e+07
4.193750000000000e+00 2.283742835340458e+07
4.200000000000000e+00 2.317972847895494e+07
4.206250000000000e+00 2.347260194071395e+07
4.212500000000000e+00 2.370801267587175e+07
4.218750000000000e+00 2.388073508096979e+07
4.225000000000000e+00 2.398850450669063e+07
4.231250000000000e+00 2.403094059489048e+07
4.237500000000000e+00 2.400939615724637e+07
4.243750000000000e+00 2.392698233091477e+07
4.250000000000000e+00 2.378854023729167e+07
4.256250000000000e+00 2.360089776812118e+07
4.262500000000000e+00 2.337286186973102e+07
4.268750000000000e+00 2.311480228174130e+07
4.275000000000000e+00 2.283790660289027e+07
4.281250000000000e+00 2.255388057228695e+07
4.287500000000000e+00 2.227393310465930e+07
4.293750000000000e+00 2.200853425722371e+07
4.300000000000000e+00 2.176810472427671e+07
4.306250000000000e+00 2.156248877541143e+07
4.312500000000000e+00 2.140073513727992e+07
4.318750000000000e+00 2.129054457678640e+07
4.325000000000000e+00 2.123750116691704e+07
4.331250000000000e+00 2.124428984403588e+07
4.337500000000000e+00 2.131049520198448e+07
4.343750000000000e+00 2.143223898066531e+07
4.350000000000000e+00 2.160300299356024e+07
4.356250000000000e+00 2.181408593147622e+07
4.362500000000000e+00 2.205558737158152e+07
4.368750000000000e+00 2.231730754269465e+07
4.375000000000000e+00 2.258940082469758e+07
4.381250000000000e+00 2.286269178469337e+07
4.387500000000000e+00 2.312864269195180e+07
4.393750000000000e+00 2.337922145511910e+07
4.400000000000000e+00 2.360678103837944e+07
4.406250000000000e+00 2.380424856778485e+07
4.412500000000000e+00 2.396527916517661e+07
4.418750000000000e+00 2.408507393998615e+07
4.425000000000000e+00 2.416119570705641e+07
4.431250000000000e+00 2.419416160728016e+07
4.437500000000000e+00 2.418756768926030e+07
4.443750000000000e+00 2.414762300276121e+07
4.450000000000000e+00 2.408311242844846e+07
4.456250000000000e+00 2.400305620105493e+07
4.462500000000000e+00 2.391695880162360e+07
4.468750000000000e+00 2.383425215807110e+07
4.475000000000000e+00 2.376406942728074e+07
4.481250000000000e+00 2.371523168484388e+07
4.487500000000000e+00 2.369595955050412e+07
4.493750000000000e+00 2.371323146389866e+07
4.500000000000000e+00 2.377187975516566e+07
4.506250000000000e+00 2.387475858403902e+07
4.512500000000000e+00 2.402193136050630e+07
4.518750000000000e+00 2.421140247617606e+07
4.525000000000000e+00 2.444030728938642e+07
4.531250000000000e+00 2.470532125622634e+07
4.537500000000000e+00 2.500315101543614e+07
4.543750000000000e+00 2.533055099659752e+07
4.550000000000000e+00 2.568390125017081e+07
4.556250000000000e+00 2.605868810417080e+07
4.562500000000000e+00 2.644912508042557e+07
4.568750000000000e+00 2.684708951766462e+07
4.575000000000000e+00 2.724365065468429e+07
4.581250000000000e+00 2.762867324154730e+07
4.587500000000000e+00 2.799217516421399e+07
4.593750000000000e+00 2.832515604994733e+07
4.600000000000000e+00 2.861999222326650e+07
4.606250000000000e+00 2.887031730914709e+07
4.612500000000000e+00 2.907096518275085e+07
4.618750000000000e+00 2.921743223975030e+07
4.625000000000000e+00 2.930533918892243e+07
4.631250000000000e+00 2.933170434849158e+07
4.637500000000000e+00 2.929495109564646e+07
4.643750000000000e+00 2.919544380670685e+07
4.650000000000000e+00 2.903559299506395e+07
4.656250000000000e+00 2.881946171351222e+07
4.662500000000000e+00 2.855203383621768e+07
4.668750000000000e+00 2.823854696909757e+07
4.675000000000000e+00 2.788433348824150e+07
4.681250000000000e+00 2.749449871226051e+07
4.687500000000000e+00 2.707493070258239e+07
4.693750000000000e+00 2.663246275995838e+07
4.700000000000000e+00 2.617524938566493e+07
4.706250000000000e+00 2.571271633801794e+07
4.712500000000000e+00 2.525510267907752e+07
4.718750000000000e+00 2.481271758549149e+07
4.725000000000000e+00 2.439572412369900e+07
4.731250000000000e+00 2.401270935311295e+07
4.737500000000000e+00 2.367112745972715e+07
4.743750000000000e+00 2.337724429299686e+07
4.750000000000000e+00 2.313614694973794e+07
4.756250000000000e+00 2.295188480314482e+07
4.762500000000000e+00 2.282729521415045e+07
4.768750000000000e+00 2.276354461510548e+07
4.775000000000000e+00 2.275958745565603e+07
4.781250000000000e+00 2.281220148051571e+07
4.787500000000000e+00 2.291596942455890e+07
4.793750000000000e+00 2.306374626898199e+07
4.800000000000000e+00 2.324796786518486e+07
4.806250000000000e+00 2.346103067483555e+07
4.812500000000000e+00 2.369577201534179e+07
4.818750000000000e+00 2.394552973793139e+07
4.825000000000000e+00 2.420387439208135e+07
4.831250000000000e+00 2.446417395456088e+07
4.837500000000000e+00 2.471955909557373e+07
4.843750000000000e+00 2.496244205372444e+07
4.850000000000000e+00 2.518541395252711e+07
4.856250000000000e+00 2.538135446360566e+07
4.862500000000000e+00 2.554428603698091e+07
4.868750000000000e+00 2.566994956256491e+07
4.875000000000000e+00 2.575599886203784e+07
4.881250000000000e+00 2.580176660759481e+07
4.887500000000000e+00 2.580771096948234e+07
4.893750000000000e+00 2.577491415779844e+07
4.900000000000000e+00 2.570473397936382e+07
4.906250000000000e+00 2.559877008377845e+07
4.912500000000000e+00 2.545928029240925e+07
4.918750000000000e+00 2.528951576675692e+07
4.925000000000000e+00 2.509411190003747e+07
4.931250000000000e+00 2.487914312181688e+07
4.937500000000000e+00 2.465178220801569e+07
4.943750000000000e+00 2.441962124848363e+07
4.950000000000000e+00 2.419350065298368e+07
4.956250000000000e+00 2.397898849964453e+07
4.962500000000000e+00 2.378223768554138e+07
4.968750000000000e+00 2.360766661723838e+07
4.975000000000000e+00 2.345750833120291e+07
4.981250000000000e+00 2.333186652200231e+07
4.987500000000000e+00 2.322909396835831e+07
4.993750000000000e+00 2.314640627242979e+07
5.000000000000000e+00 2.308053906755810e+07
