1.263347059337567905e-04 9.785836650458425283e+05
1.350577173081980871e-04 6.852118877529460005e+05
1.394245488678651104e-04 6.154206221275035059e+05
1.437945612448012975e-04 5.267155370009994367e+05
1.481677452718423876e-04 4.792741864629772026e+05
1.525440921929339868e-04 4.086771677536850912e+05
1.569235936327774037e-04 3.889495309933327953e+05
1.613062415710932922e-04 3.617482467076489120e+05
1.656920283188665103e-04 3.435444800377357169e+05
1.700809464959092887e-04 2.985047866521903197e+05
1.744729890137042998e-04 2.704605699446516810e+05
1.788681490556082111e-04 2.532507487340199878e+05
1.854671078872443092e-04 2.270508834565650905e+05
1.920722699182620037e-04 2.097614765998350922e+05
2.053042261228871907e-04 1.883522878320587042e+05
2.097210377852958951e-04 1.779055075673986867e+05
2.141409205655172947e-04 1.612871696504598076e+05
2.185638695101017924e-04 1.603152631646663940e+05
2.229898798233130976e-04 1.529810294895693951e+05
2.274189468608592063e-04 1.449929692136376980e+05
2.318510661219736054e-04 1.391351033118169871e+05
2.362862332438065869e-04 1.331366727821695968e+05
2.407244439944961111e-04 1.281900205358571984e+05
2.451656942685486178e-04 1.202123269647737034e+05
2.518336388207738125e-04 1.113668421346985997e+05
2.585076429513777905e-04 1.027290297673603927e+05
2.651892077792149878e-04 9.593117055954372336e+04
2.718768105740973148e-04 8.976839507154482999e+04
2.763392320922651775e-04 8.581996741952169396e+04
2.830388840555181861e-04 8.056989479424971796e+04
2.897445478489703817e-04 7.627393211802486621e+04
2.964577150801789057e-04 7.092642525794843095e+04
3.031768763140506198e-04 6.891056808229186572e+04
3.099035195685166189e-04 6.513277019447003840e+04
3.166361403525300221e-04 6.067989547732649953e+04
3.233762233486178143e-04 5.883588529569646198e+04
3.323729358054863196e-04 5.448718505616515904e+04
3.391279125503309216e-04 5.140852409492174047e+04
3.458903216715652085e-04 4.863975887465605774e+04
3.526586700874419114e-04 4.629366905782526010e+04
3.594344346825903793e-04 4.480110759070210770e+04
3.684786638395298871e-04 4.183080906618141307e+04
3.775347309905935844e-04 3.951135579129138205e+04
3.843341718981604840e-04 3.667610135679751693e+04
3.911409954965034265e-04 3.506362513817333820e+04
4.002265938524655745e-04 3.306873845379747218e+04
4.093239809501539078e-04 3.133691453199632087e+04
4.161543823013478193e-04 2.937794078342670036e+04
4.229921380362622893e-04 2.938780261060316843e+04
4.321189430398548093e-04 2.803075431949233098e+04
4.412574951143929730e-04 2.595097068458030117e+04
4.504077835743085733e-04 2.529305664016181981e+04
4.595697982334029917e-04 2.373221278518679901e+04
4.687435293809274215e-04 2.217626446421107175e+04
4.779289677626099805e-04 2.113705410499043865e+04
4.871261045608606187e-04 2.017545734371152867e+04
4.963349313764570461e-04 1.882346269200354072e+04
5.055554402123796582e-04 1.779113491218658964e+04
5.147876234571479442e-04 1.684090441063281833e+04
5.240314738698089499e-04 1.640227254671978881e+04
5.332869845670682851e-04 1.549238854105040991e+04
5.425541490081141121e-04 1.496501359563498045e+04
5.541550894657556276e-04 1.403597969721684967e+04
5.657730052655996888e-04 1.348680138267370967e+04
5.750809109673180215e-04 1.219803194792073009e+04
5.844004449022022121e-04 1.225813790619458996e+04
5.960668122286745313e-04 1.205317747415771919e+04
6.077501220178647794e-04 1.149553742162821072e+04
6.171103182396394261e-04 1.063538900126342014e+04
6.288274918044035053e-04 1.070255942899307047e+04
6.405615876509038447e-04 9.954856610368689871e+03
6.523150162018753360e-04 9.465969509719474445e+03
6.640853551934894437e-04 9.158043153779879503e+03
6.758750144996175874e-04 8.905079371855001227e+03
6.876815743693410338e-04 8.265504385346766867e+03
6.995074443243146827e-04 7.930180477380154116e+03
7.113502067876220983e-04 8.075512606088440407e+03
7.232122711159451106e-04 7.622022457446396402e+03
7.374699060955038944e-04 7.012387816244984606e+03
7.493705638286836824e-04 6.887723929716919884e+03
7.612905141139734771e-04 6.663400404860984054e+03
7.756176029011580724e-04 6.199404745274589914e+03
7.899707314180967437e-04 5.968534391642700029e+03
8.043498978928713752e-04 5.714344835286214220e+03
8.163518232602953208e-04 5.535927054713299185e+03
8.283730349761924934e-04 5.365872133855304128e+03
8.428216328249348152e-04 5.098631637163248342e+03
8.572962681962855054e-04 4.911040718554685554e+03
8.717969425138341090e-04 4.888602107568736756e+03
8.863236578201452026e-04 4.609266193246690818e+03
9.008764167556414975e-04 4.359728953694680968e+03
9.178884003446147232e-04 4.075034438532074091e+03
9.349341541705193451e-04 3.930491912874103036e+03
9.495737515498132650e-04 3.851903612384482130e+03
9.642394104415478095e-04 3.935808148504926976e+03
9.789311363625973709e-04 3.572228186650285807e+03
9.961052823409643608e-04 3.479771650222588960e+03
1.013313236572676006e-03 3.334872298441456223e+03
1.028091898589454005e-03 3.331261485057289974e+03
1.045367500449094012e-03 3.210104275849193982e+03
1.062676943069826036e-03 2.730534556306094146e+03
1.080023624642822977e-03 2.833207605584802877e+03
1.097404173329287946e-03 2.532979758492307155e+03
1.114821991491490036e-03 2.446294627685208980e+03
1.134770683164935002e-03 2.372608436444912968e+03
1.152263092566156938e-03 2.553427451345994086e+03
1.169792825271173025e-03 2.298569303066596149e+03
1.189869483444934992e-03 2.114499717668776157e+03
1.209992725109704063e-03 2.130091626750217074e+03
1.227637946744691930e-03 1.976904285744644994e+03
1.245320575602646990e-03 1.851577636890277972e+03
1.265572071390467937e-03 1.825672240706619050e+03
1.285870262272430925e-03 1.736876547056953996e+03
1.306215180230062972e-03 1.675333539272965936e+03
1.326606858127741964e-03 1.546549867067672949e+03
1.349604528159689936e-03 1.594337362699975074e+03
1.372659275437999047e-03 1.532759858101612053e+03
1.393203160302017947e-03 1.449549530244514017e+03
1.413793954052092964e-03 1.448499895175799111e+03
1.437015815322451083e-03 1.349273694442382066e+03
1.460294943994977024e-03 1.311250522197801047e+03
1.481038451688116006e-03 1.373251867479636985e+03
1.504432269406030028e-03 1.235423362608179104e+03
1.527883510733201019e-03 1.187873993421789010e+03
1.551396653293439986e-03 1.148730894584688031e+03
1.574967332650029951e-03 1.197617335798493059e+03
1.598600037248061991e-03 1.049988352345890917e+03
1.624927589410060007e-03 1.022409098024830996e+03
1.651329142248704994e-03 9.709505367418730657e+02
1.675152769631134929e-03 9.421352705974059063e+02
1.699038697157922908e-03 8.981143121187890301e+02
1.725647918287654976e-03 8.195334571626250408e+02
1.752331477321380105e-03 8.399010307763644505e+02
1.779089466150087905e-03 7.912684099461420146e+02
1.805921977911165936e-03 8.075515017892571450e+02
1.835525297390725070e-03 7.788166894500961916e+02
1.865216291233210994e-03 7.383267441275412466e+02
1.892287916239187044e-03 6.998100463953624057e+02
1.919434468300915001e-03 7.100133822940276787e+02
1.949383712193159977e-03 6.766072335500971349e+02
1.979421116301117046e-03 6.651964861155286144e+02
2.009552329761570867e-03 5.944078662737993000e+02
2.039771966748705079e-03 5.852116467369543216e+02
2.070085695918830963e-03 5.994677061100285300e+02
2.100488117625347144e-03 5.520449097327234540e+02
2.130984920264463855e-03 5.241583163647222818e+02
2.164357287666605813e-03 4.833767026189270837e+02
2.197839028328451173e-03 4.933970816904172807e+02
2.231430330560672110e-03 4.746873741131036013e+02
2.265131384496060947e-03 4.632921047062300204e+02
2.298942382051851960e-03 4.575733765401586766e+02
2.332863516892220990e-03 4.263017767566448128e+02
2.366894984393257042e-03 4.081732586569640944e+02
2.401036981608701930e-03 4.162714118551631941e+02
2.438150774781864139e-03 4.049277637499176876e+02
2.475391436209620037e-03 3.751103309154639192e+02
2.509884762697710964e-03 3.563276516133815903e+02
2.547379894351305910e-03 3.445233316188285926e+02
2.585002631882053065e-03 3.102824956014728741e+02
2.622759961225734973e-03 3.095904725038130891e+02
2.663566949672019867e-03 2.957323440168722755e+02
2.704526771561182198e-03 2.810937582285562826e+02
2.742696337435656002e-03 2.851586550749960907e+02
2.781001637716717934e-03 2.755500497930407846e+02
2.822399988411263168e-03 2.644718518335346857e+02
2.863952483741063169e-03 2.511477847128855956e+02
2.905659469697660213e-03 2.610593731491127869e+02
2.950519339039365998e-03 2.309350055195934885e+02
2.995553429290065059e-03 2.310578903883325950e+02
3.080252110311312939e-03 2.217010423828855039e+02
3.146959721588580075e-03 2.007872745051126913e+02
3.153057737634011072e-03 2.022873703206358869e+02
3.177488251735589853e-03 2.098030916761211984e+02
3.220353945664315969e-03 1.963009621466524095e+02
3.266458274420768089e-03 1.844917347456319874e+02
3.315833876312188847e-03 1.822326576938444020e+02
3.365416257774961947e-03 1.649283463135448926e+02
3.412086002357195107e-03 1.807068184788741121e+02
3.458942495312017969e-03 1.583733269410795970e+02
3.512267968376304832e-03 1.632177295473991876e+02
3.565824742284284810e-03 1.510876563933611862e+02
3.616449423987366796e-03 1.350677552717588981e+02
3.667284270120062858e-03 1.376612445304760115e+02
3.721529555403503033e-03 1.308654904374635919e+02
3.776008763172535119e-03 1.417410505830850980e+02
3.830731962968566846e-03 1.284645586877961136e+02
3.885690459649128025e-03 1.235856532518097026e+02
3.940894385968773776e-03 1.181415673790691017e+02
3.999606258954561087e-03 1.090932381816148933e+02
4.058589639390980733e-03 1.074844363328088974e+02
4.117845380952262109e-03 9.087118526981831224e+01
4.177374342167231372e-03 8.938806196793625247e+01
4.237177386374840933e-03 8.976641346481032713e+01
4.297255381678785624e-03 9.371831056310035990e+01
4.357609200909812359e-03 7.963939940046341803e+01
4.421618928189527398e-03 8.819526104495894003e+01
4.485932566279353904e-03 7.875935237387491838e+01
4.547150137047147739e-03 8.561733786279528147e+01
4.612074623321063029e-03 8.289680427352431025e+01
4.680750860326823685e-03 7.667198931245958704e+01
4.749774516011602381e-03 6.377386364507869132e+01
4.815667148207712633e-03 7.357324366632565216e+01
4.881881058792245619e-03 6.782817694782691831e+01
4.951919284033016663e-03 6.223980803791088334e+01
5.025841706872046649e-03 6.222419528302584268e+01
5.100147828243184293e-03 5.526937680428800093e+01
5.171282342154482833e-03 5.864444097267151079e+01
5.246360162126152173e-03 5.201650316785909212e+01
5.321825997350544679e-03 4.416128485995056252e+01
5.397693889715498607e-03 5.186687607602613070e+01
5.473952760217271757e-03 4.540777822843242717e+01
5.550616762291002426e-03 4.256192912745299139e+01
5.631357516341118329e-03 4.470696754843625342e+01
5.712539393336046011e-03 3.773622813251061103e+01
5.794164165064947039e-03 3.051260612720350096e+01
5.876233612605513863e-03 3.905359599364145851e+01
5.958749526294457831e-03 3.303751455901917211e+01
6.041713705691772150e-03 3.538927238882305204e+01
6.128933819568559323e-03 3.237063326582760681e+01
6.216640771880554972e-03 2.728742280251385921e+01
6.304851000140169331e-03 2.564390831869546972e+01
6.397423884022552382e-03 2.872879318137693971e+01
6.486647157532294400e-03 2.468468592388326854e+01
6.576380223033333715e-03 2.696388864968782073e+01
6.670548989498534427e-03 2.290386578515968097e+01
6.765269668654823321e-03 1.993695173497107831e+01
6.860544708492163912e-03 2.327221377463892082e+01
6.960385730815736409e-03 2.325927446189581005e+01
7.060825646031938622e-03 2.056666324331660078e+01
7.157825510961776834e-03 1.960231132608415905e+01
7.259471435643306131e-03 1.712522154459215074e+01
7.365831754184691896e-03 1.940490680352993991e+01
7.468727797185405019e-03 1.475393232488985085e+01
7.572253313097421397e-03 1.580688105760695983e+01
7.680577603524943626e-03 1.639232596610703041e+01
7.789580157653852588e-03 1.557139582626309071e+01
7.899264255899065418e-03 1.619308805189260880e+01
8.009633196091100332e-03 1.303211242758785993e+01
8.124980112205118857e-03 1.180557690589373010e+01
8.241063663423503494e-03 1.264177789919934014e+01
8.353560679073465320e-03 9.547238334913707547e+00
8.471128501864625890e-03 1.041366492347547990e+01
8.593845513853006282e-03 1.242278299732181956e+01
8.717380914437803524e-03 9.735050707152113958e+00
8.837278660543384373e-03 9.329133274964211964e+00
8.957954705389488750e-03 1.065453727741859957e+01
9.088430533091555047e-03 9.700030193321962813e+00
9.219792281593117839e-03 8.634181866909795389e+00
9.347484240134113637e-03 7.713165593746349025e+00
9.476020598073887219e-03 1.099253915474841037e+01
9.610047687916565759e-03 7.473599769502948575e+00
9.744979719754885000e-03 5.365275945712384420e+00
9.880842758012656907e-03 7.275901970484007109e+00
1.002235914985480023e-02 6.168457279480621835e+00
1.016487143475846948e-02 6.800102916896850758e+00
1.030838519854320075e-02 4.432481866984385732e+00
1.045290605848695972e-02 4.565225545109674599e+00
1.059843966339477951e-02 3.542274150918077069e+00
1.074499169366253080e-02 5.113297478581051436e+00
1.089751068518335017e-02 5.364811388042578955e+00
1.105111773945547000e-02 3.724960316625355983e+00
1.120584295305993017e-02 4.581883974666830284e+00
1.136672032852623082e-02 3.748385656245587949e+00
1.152370154699839007e-02 4.513420879517991757e+00
1.168182068646608958e-02 2.922810049120398102e+00
1.184622198590952989e-02 3.121391902163833887e+00
1.201183706925549981e-02 2.236921286300081135e+00
1.218391317473932998e-02 3.781042129436876120e+00
1.235728263518585078e-02 2.582401717276399111e+00
1.252666024988591947e-02 1.921800827392305067e+00
1.270264013725957986e-02 2.780648656176063049e+00
1.288533765178996940e-02 2.273475334674841974e+00
1.306401415892535084e-02 2.297673248520931022e+00
1.324405156821504941e-02 2.606299969785048187e+00
1.343095555963338961e-02 2.301592828759611020e+00
1.361930766211752984e-02 2.413060868654778979e+00
1.380911705404417981e-02 2.127836827320956026e+00
1.400039296888472978e-02 1.351327202655270954e+00
1.419884379648684962e-02 2.197041876576088182e+00
1.439885372797283965e-02 1.449212137343367957e+00
1.460046310065987035e-02 2.473469618392505787e+00
1.480365195743096017e-02 1.428464266067343003e+00
1.500846115455559994e-02 1.171991851278846974e+00
1.522079968091375086e-02 1.147416166646342939e+00
1.543485877773134035e-02 1.174229349791964028e+00
1.565064995350038887e-02 1.229056144663916994e+00
1.586818478840143834e-02 1.482979689134642065e+00
1.608747493460220904e-02 1.059545553005321938e+00
1.631470639700276920e-02 1.241452546925724043e+00
1.654380030515733083e-02 1.058294332244448910e+00
1.677480352820372167e-02 1.192482352076112084e+00
1.700769482598941951e-02 9.443306186815142445e-01
1.724252169887239075e-02 6.410910316859338431e-01
1.748569692949818871e-02 7.479340582731356379e-01
1.773092372390713128e-02 1.139531354379549111e+00
1.797821649600599841e-02 9.167906749002041611e-01
1.822758975265473952e-02 6.520094898678632234e-01
1.847905809409793043e-02 1.515726061790219070e+00
1.873934751349396952e-02 7.546961690919309351e-01
1.900185607197523927e-02 8.005385590287208419e-01
1.926663826160964973e-02 5.537189243219453605e-01
1.953367160636263963e-02 9.271397266911177715e-01
1.980301136378628118e-02 5.329473921668256287e-01
2.008164001497603907e-02 1.045361916483372067e+00
2.036270939984970857e-02 7.248045463183724335e-01
2.064623746117922112e-02 1.350223662518883039e+00
2.093224226146781983e-02 9.521851399944063488e-01
2.122799733630853850e-02 6.817120472517664842e-01
2.152637188074053159e-02 6.518907994761680147e-01
2.182004354768322940e-02 8.157605681512182239e-01
2.212371573826299107e-02 6.781502686772600264e-01
2.243758357020128949e-02 4.709133845450059197e-01
2.274672137299646110e-02 7.265973458046011135e-01
2.305862299646085911e-02 5.955670447426216763e-01
2.338098466725599053e-02 1.033957537802911997e+00
2.370626699492377892e-02 8.391562813980563140e-01
2.403449235087454922e-02 6.156244136706634507e-01
2.437361723197433924e-02 6.406086408714807279e-01
2.471585062176345077e-02 4.515074350995085251e-01
2.506126579361494036e-02 3.372732937374235962e-01
2.540983828989743995e-02 5.918137967236455355e-01
2.576164249458489861e-02 4.746036590498862728e-01
2.611665352634362156e-02 5.809840951659642760e-01
2.647494689435659840e-02 3.634056315023044825e-01
2.684495781587211902e-02 3.537216314942709938e-01
2.721843304358799107e-02 2.229351609534898082e-01
2.759540015944962968e-02 6.935014755933409658e-01
2.798458923837071968e-02 2.284439202253228107e-01
2.837746222453224956e-02 2.507466790141065771e-01
2.876523567393209080e-02 3.376325220849245023e-01
2.916556578968024921e-02 3.619683993908219266e-01
2.957870756626702902e-02 6.382265094603054578e-01
2.998672934871204898e-02 5.019163142429426960e-01
3.039864408314002162e-02 2.904395701170082167e-01
3.082372448171033855e-02 1.486445925031142090e-01
3.125290914440283230e-02 4.218135878688302753e-01
3.168623194230330009e-02 2.842112917170985797e-01
3.216215123649269342e-02 1.924763498967740905e-01
3.352045246263900269e-02 1.908843103978943023e-01
3.354014914914658224e-02 1.858574810941034106e-01
3.362890673480808251e-02 2.050287091388643124e-01
3.394593090370613686e-02 1.925138804562530892e-01
3.442515542807918910e-02 2.418419452192505092e-01
3.489900711637428793e-02 2.347674899631483070e-01
3.537750882062656865e-02 2.938696109941456025e-01
3.587098050170285657e-02 2.942497019422118942e-01
3.636934973198976961e-02 3.217457921454704994e-01
3.687265826142367003e-02 2.836795276634864194e-01
3.738094815502546187e-02 2.868170816312380911e-01
3.790502751663096109e-02 2.563695894117464791e-01
3.843435163555825734e-02 3.141703636221583884e-01
3.896903844807476230e-02 3.523564716989801004e-01
3.950906129986386101e-02 2.771423491374099268e-01
4.005454008644363656e-02 3.101228227062923781e-01
4.061676698535687802e-02 3.620670383227005962e-01
4.118473531643809804e-02 3.218635310524434190e-01
4.174694423842961744e-02 2.651848662165868231e-01
4.231480186629579116e-02 2.707439819345612841e-01
4.255941510200499794e-02 2.500325262782788216e-01
4.291184841770748909e-02 2.144879201757310949e-01
4.393938556313514709e-02 2.342752635715223131e-01
4.536408558487892151e-02 2.248049050805782934e-01
4.683499783277512291e-02 2.189050734279371080e-01
4.835358634591103294e-02 2.026561469075895128e-01
4.992143064737319946e-02 1.903679341314054030e-01
5.154009535908699036e-02 1.785219580171323039e-01
5.321125686168670654e-02 1.678218811986660897e-01
5.493659526109694741e-02 1.501540959117627083e-01
5.671788752079010010e-02 1.475222081182218092e-01
5.855692178010941246e-02 1.379145503280377882e-01
6.045558676123619080e-02 1.323968589542126872e-01
6.241583079099655151e-02 1.222885817525602020e-01
6.443961709737777710e-02 1.077813402054525055e-01
6.652904301881790161e-02 1.100617543099141060e-01
6.868619471788406372e-02 9.822627606370212816e-02
7.091331481933593750e-02 8.930159809567692064e-02
7.321263104677200317e-02 8.615325840689899706e-02
7.558651268482208252e-02 7.885899099089863085e-02
7.803735136985778809e-02 7.610261889674427294e-02
8.056767284870147705e-02 7.379495056845905565e-02
8.318002521991729736e-02 6.495038869359257006e-02
8.587709814310073853e-02 5.644083844997647287e-02
8.866159617900848389e-02 4.871518986799480699e-02
9.153641015291213989e-02 4.682976829387904688e-02
9.450440853834152222e-02 4.115449341513874315e-02
9.756866842508316040e-02 3.506295087315799974e-02
1.007322594523430009e-01 3.513253557064296984e-02
1.039984449744224965e-01 3.010053264477016016e-02
1.073705330491065979e-01 2.910695860662224077e-02
1.108519583940505981e-01 2.611739637830021166e-02
1.144462600350379944e-01 2.355457360424759172e-02
1.181571111083030978e-01 2.342823969700099859e-02
1.219882890582084933e-01 2.107527183868648096e-02
1.259436905384063998e-01 1.942599082865478083e-02
1.300273388624191007e-01 1.787381696083309088e-02
1.342433840036391934e-01 1.733061189331772112e-02
1.385961472988128940e-01 1.808557549991371069e-02
1.430900543928146085e-01 1.551776083686115006e-02
1.477296501398087103e-01 1.277663356193066944e-02
1.525197029113770086e-01 1.521079132833244064e-02
1.574650555849075040e-01 1.384428965427638922e-02
1.625707745552062988e-01 1.242174750693800060e-02
1.678420305252074918e-01 1.131285151966573976e-02
1.732842028141022006e-01 1.166222228237153921e-02
1.789028346538543979e-01 9.949614131233710385e-03
1.847036629915236872e-01 1.045889298000098923e-02
1.906925588846206943e-01 7.841992029330748654e-03
1.968756616115570068e-01 5.652762321165818310e-03
2.032592296600342074e-01 7.513234229168910122e-03
2.098497897386550903e-01 6.760871806523818112e-03
2.166540473699569980e-01 6.829589442691821194e-03
2.236789166927337924e-01 4.784480505964774227e-03
2.309315651655196866e-01 6.839128048501032925e-03
2.384193837642669955e-01 5.709844478747862911e-03
2.461499571800231934e-01 6.002851133576649761e-03
2.541312277317047119e-01 5.240505864254253569e-03
2.623712718486785889e-01 6.179094151935595608e-03
2.708784937858582098e-01 5.590201658538598156e-03
2.796615660190582275e-01 5.243961071006077862e-03
2.887294292449951172e-01 4.952373286119717694e-03
2.980913221836090088e-01 5.508978688499945736e-03
3.077567517757415771e-01 4.816997633657473660e-03
3.177355825901030939e-01 4.942661454311626616e-03
3.280379474163054865e-01 4.064628226093072033e-03
3.386743962764739990e-01 4.413755913606900311e-03
3.496556878089904785e-01 4.376014531931895352e-03
3.609930872917174738e-01 3.672001720747965908e-03
3.726980686187744141e-01 3.357940656474846935e-03
3.847825825214385986e-01 3.139451449147481060e-03
3.972589075565338135e-01 3.026570962152498861e-03
4.101397991180419922e-01 2.478119288913030200e-03
4.234383404254912775e-01 2.725945157340783215e-03
4.371680617332457941e-01 2.385501121512670093e-03
4.513429701328278143e-01 2.492584125480670071e-03
4.659774899482727051e-01 2.195608872330803013e-03
4.810865223407744806e-01 2.524160151711720996e-03
4.966854751110076904e-01 2.955200453630704022e-03
5.127901434898376465e-01 3.424821258864420986e-03
5.294170975685119629e-01 3.281251830390709973e-03
5.465831160545349121e-01 3.226653975776452160e-03
5.643057227134704590e-01 3.366045025519150830e-03
5.826030373573303223e-01 3.722369508228319784e-03
6.014935374259948730e-01 3.418574412695188098e-03
6.209966540336608887e-01 3.737492324194925924e-03
6.411320567131042480e-01 3.551997081718463040e-03
6.619203686714172363e-01 3.393600997856874042e-03
6.833827495574951172e-01 3.110285685739534994e-03
7.055410146713256836e-01 3.332288773140925937e-03
7.284177541732788086e-01 2.965536271563787036e-03
7.520362734794616699e-01 2.900024247697609997e-03
7.764205932617187500e-01 2.484924462965745068e-03
8.015955686569213867e-01 2.418858302167671819e-03
8.275867700576782227e-01 2.551958733580131106e-03
8.544207811355590820e-01 2.414675732485074139e-03
8.821248412132263184e-01 2.388267149559278064e-03
9.107272624969482422e-01 2.515049954286831951e-03
9.402570128440856934e-01 2.553094947121161990e-03
9.707442522048950195e-01 2.623602585277576022e-03
1.002220034599303977e+00 2.780397725633401013e-03
1.034716486930846946e+00 2.960421913645286136e-03
1.068266510963439941e+00 3.149296925745029025e-03
1.102904438972472922e+00 3.402920742861051135e-03
1.138665437698364036e+00 3.914248035631198025e-03
1.175585985183716042e+00 4.253872973254937268e-03
1.213703632354736106e+00 5.233872053555268383e-03
1.253057122230530007e+00 5.949094728908557034e-03
1.293686747550963911e+00 6.789374002597350216e-03
1.335633754730225053e+00 7.512437017045039273e-03
1.339009642601012962e+00 6.841571535915136337e-03
1.343959808349608931e+00 6.753635127097368240e-03
1.348909854888916016e+00 7.095290347933769226e-03
1.353860020637511985e+00 7.420577574521303177e-03
1.358810186386107954e+00 6.911962758749722567e-03
1.363760232925415039e+00 7.848604582250118256e-03
1.368710398674011008e+00 7.361658383160830411e-03
1.373660564422606978e+00 7.609388325363397598e-03
1.378610730171204057e+00 7.209158968180418015e-03
1.378940939903259055e+00 8.102556527934092617e-03
1.383560776710510032e+00 7.753810845315456390e-03
1.388510942459106001e+00 7.710903417319059372e-03
1.393461108207703081e+00 7.971917279064655304e-03
1.398411154747009055e+00 8.122771978378295898e-03
1.403361320495605025e+00 7.844787091016769409e-03
1.408311486244202104e+00 8.185169659554958344e-03
1.413261532783508079e+00 8.501027710735797882e-03
1.418211698532104048e+00 8.162639103829860687e-03
1.423161864280700906e+00 8.161582052707672119e-03
1.428111910820007102e+00 8.114805445075035095e-03
1.433062076568603960e+00 8.162235841155052185e-03
1.438012242317199929e+00 8.406682871282100677e-03
1.442962288856505904e+00 8.441359736025333405e-03
1.447912454605102983e+00 8.801014162600040436e-03
1.452862620353698953e+00 8.373286575078964233e-03
1.457812786102294922e+00 8.229901082813739777e-03
1.462762832641602007e+00 8.128440938889980316e-03
1.467712998390197976e+00 8.109241724014282227e-03
1.472663164138793945e+00 8.015355095267295837e-03
1.477613210678101030e+00 8.121277205646038055e-03
1.482563376426696999e+00 8.335225284099578857e-03
1.487513542175292969e+00 8.251249790191650391e-03
1.492463588714600053e+00 8.334564045071601868e-03
1.497413754463196023e+00 8.146354928612709045e-03
1.502363920211791992e+00 7.735899183899164200e-03
1.507313966751099077e+00 7.878288626670837402e-03
1.512264132499695046e+00 8.027503266930580139e-03
1.517214298248291016e+00 8.060218766331672668e-03
1.522164344787598100e+00 8.100679144263267517e-03
1.527114510536194070e+00 7.877725176513195038e-03
1.532064676284790039e+00 7.381803821772336960e-03
1.537014722824096902e+00 7.498074788600206375e-03
1.541964888572693093e+00 7.884845137596130371e-03
1.546915054321289062e+00 7.358285598456859589e-03
1.551865100860595925e+00 8.092134259641170502e-03
1.556815266609191895e+00 7.468164432793855667e-03
1.561765432357788086e+00 7.171868346631526947e-03
1.566715598106384055e+00 7.335423957556486130e-03
1.571665644645690918e+00 7.201971020549535751e-03
1.576615810394287109e+00 7.305424660444259644e-03
1.581565976142883079e+00 7.449185475707054138e-03
1.586516022682189941e+00 6.684786640107631683e-03
1.591466188430785911e+00 6.768541876226663589e-03
1.596416354179382102e+00 6.997370626777411375e-03
1.601366400718688965e+00 6.984495092183352384e-03
1.606316566467284934e+00 6.893804762512444582e-03
1.611266732215880904e+00 6.779673043638467789e-03
1.616216778755187988e+00 6.973984185606241226e-03
1.621166944503783958e+00 6.455328781157732010e-03
1.626117110252379927e+00 6.733685731887817383e-03
1.631067156791687012e+00 6.549238227307795611e-03
1.636017322540282981e+00 6.044344045221805573e-03
1.640967488288878950e+00 6.806805264204741392e-03
1.645917654037476030e+00 6.383706349879503250e-03
1.650867700576782005e+00 5.719683133065701398e-03
1.655817866325377974e+00 5.861824844032526016e-03
1.660768032073975053e+00 6.262451875954866409e-03
1.665718078613281028e+00 5.865467246621847153e-03
1.670668244361876997e+00 6.369260605424643430e-03
1.675618410110474077e+00 5.391389131546021375e-03
1.680568456649780051e+00 5.608173087239264575e-03
1.685518622398376021e+00 5.233414471149444580e-03
1.690468788146973100e+00 5.849579349160194397e-03
1.695418834686279075e+00 5.201155785471200943e-03
1.700369000434875044e+00 5.407836288213729858e-03
1.705319166183471902e+00 5.253943149000406265e-03
1.710269212722778098e+00 5.023874808102846146e-03
1.715219378471374956e+00 5.304260179400444031e-03
1.720169544219970925e+00 4.959881305694580078e-03
1.725119590759276900e+00 4.768765997141599655e-03
1.730069756507873979e+00 4.982825368642807007e-03
1.735019922256469949e+00 4.944233223795890808e-03
1.739969968795775923e+00 4.891129676252604398e-03
1.744920134544373003e+00 4.568431526422500610e-03
1.749870300292968972e+00 4.941410385072231293e-03
1.754820466041564941e+00 4.248299170285463333e-03
1.759770512580872026e+00 4.464185796678066254e-03
1.764720678329467995e+00 4.287724383175373077e-03
1.769670844078063965e+00 3.892459673807024956e-03
1.774620890617371050e+00 3.803022438660264015e-03
1.779571056365967019e+00 4.025622271001338959e-03
1.784521222114562988e+00 3.602533601224422021e-03
1.789471268653870073e+00 3.904386190697551207e-03
1.794421434402466042e+00 4.104124382138252258e-03
1.799371600151062012e+00 3.604231402277946038e-03
1.804321646690369096e+00 3.467927454039454026e-03
1.809271812438965066e+00 3.451968310400844054e-03
1.814221978187561035e+00 3.476409241557120843e-03
1.819172024726867898e+00 3.230832982808351950e-03
1.824122190475464089e+00 3.181480336934328079e-03
1.829072356224060059e+00 3.078946145251392884e-03
1.834022521972656028e+00 2.886796835809946060e-03
1.838972568511962891e+00 2.541525056585669951e-03
1.843922734260559082e+00 3.048435319215058847e-03
1.848872900009155051e+00 2.496847417205572128e-03
1.853822946548461914e+00 3.220045240595937209e-03
1.858773112297058105e+00 2.886550035327672958e-03
1.863723278045654075e+00 2.797670196741818948e-03
1.868673324584960938e+00 2.466524485498667197e-03
1.873623490333556907e+00 2.505938988178967996e-03
1.878573656082153098e+00 2.468048362061380906e-03
1.883523702621459961e+00 2.369218040257691903e-03
1.888473868370055930e+00 2.114445669576526122e-03
1.893424034118651900e+00 2.212932100519537926e-03
1.898374080657958984e+00 2.209657570347189903e-03
1.903324246406554954e+00 2.337240613996983008e-03
1.908274412155150923e+00 1.927099539898335934e-03
1.913224458694458008e+00 1.645463053137063980e-03
1.918174624443053977e+00 1.305015524849296050e-03
1.923124790191649947e+00 1.665087416768074036e-03
1.928074836730957031e+00 1.692019519396126053e-03
1.933025002479553001e+00 1.636415603570640087e-03
1.937975168228148970e+00 1.512719434686004899e-03
1.942925333976746050e+00 1.437390921637416103e-03
1.947875380516052024e+00 1.647479715757071972e-03
1.952825546264647993e+00 1.040117698721588092e-03
1.957775712013245073e+00 1.200688537210226059e-03
1.962725758552551047e+00 1.666686614044011073e-03
1.967675924301147017e+00 1.379211549647151990e-03
1.972626090049744096e+00 1.063835225068032958e-03
1.977576136589050071e+00 1.350571517832577012e-03
1.982526302337646040e+00 1.126450952142477036e-03
1.987476468086242898e+00 1.011068816296756051e-03
1.992426514625549094e+00 1.107067801058291955e-03
1.997376680374145952e+00 7.619406096637248993e-04
2.002326726913452148e+00 5.940035916864871979e-04
2.007277011871337891e+00 1.034406828694045977e-03
2.012227058410644975e+00 7.053008303046226501e-04
2.017177104949951172e+00 1.232253387570380948e-03
2.022127389907836914e+00 6.321546388790011406e-04
2.027077436447143999e+00 9.379970142617821693e-04
2.032027482986450195e+00 6.427159532904624939e-04
2.036977767944335938e+00 4.990640445612370968e-04
2.041927814483643022e+00 9.992282139137387276e-04
2.046877861022949219e+00 4.695245006587355787e-04
2.051828145980834961e+00 6.613084115087985992e-04
2.056778192520142046e+00 6.483725737780332565e-04
2.061728239059447798e+00 7.543442188762128353e-04
2.066678524017333984e+00 4.896734608337283134e-04
2.071628570556641069e+00 1.017380738630891063e-03
2.076578855514525923e+00 4.996362840756773949e-04
2.081528902053833008e+00 1.028838683851063035e-03
2.086478948593140093e+00 7.385656936094164848e-04
2.091429233551024947e+00 7.815242861397564411e-04
2.096379280090332031e+00 7.987844292074441910e-04
2.101329326629639116e+00 7.670823833905160427e-04
2.106279611587523970e+00 6.557142478413879871e-04
2.111229658126831055e+00 4.940124927088618279e-04
2.116179704666138139e+00 4.894798621535301208e-04
2.121129989624022993e+00 8.620293810963630676e-04
2.126080036163330078e+00 9.814745280891656876e-04
2.131030082702637163e+00 1.783280313247815046e-04
2.135980367660522017e+00 8.826474659144878387e-04
2.140930414199829102e+00 2.961126156151295250e-04
2.145880460739136186e+00 4.976792843081057072e-04
2.150830745697021040e+00 9.824584703892469406e-04
2.155780792236328125e+00 7.565455744042992592e-04
2.160730838775635210e+00 5.600088625214993954e-04
2.165681123733520952e+00 9.694958571344614029e-04
2.170631170272827148e+00 1.158365281298757033e-03
2.175581216812133789e+00 8.374913013540208340e-04
2.180531501770019975e+00 1.318895258009433963e-03
2.185481548309326172e+00 8.224353659898042679e-04
2.190431594848632812e+00 6.807508761994540691e-04
2.195381879806518999e+00 1.087672309949994087e-03
2.200331926345825195e+00 9.177287574857473373e-04
2.205281972885131836e+00 9.460359578952193260e-04
2.210232257843018022e+00 7.488705450668931007e-04
2.215182304382324219e+00 7.423964561894536018e-04
2.220132350921630859e+00 8.471190230920910835e-04
2.225082635879517046e+00 8.263139752671122551e-04
2.230032682418822798e+00 1.088135642930865071e-03
2.234982728958129883e+00 1.036310568451880975e-03
2.239933013916016069e+00 1.056421198882163005e-03
2.244883060455321822e+00 9.439397836104035378e-04
2.249833106994628906e+00 9.302003309130668640e-04
2.254783391952515093e+00 1.211162889376282909e-03
2.259733438491820845e+00 9.706069249659776688e-04
2.264683723449707031e+00 1.068317447789012952e-03
2.269633769989014116e+00 1.277603791095315976e-03
2.274583816528319868e+00 1.315596979111433029e-03
2.279534101486206055e+00 9.596606832928955555e-04
2.284484148025513139e+00 1.010419684462249062e-03
2.289434194564818892e+00 9.149361285381019115e-04
2.294384479522705078e+00 7.834006100893020630e-04
2.299334526062012163e+00 1.283679972402751012e-03
2.304284572601317915e+00 1.354993321001529910e-03
2.309234857559204102e+00 1.408634358085691929e-03
2.314184904098511186e+00 1.311992993578314998e-03
2.319134950637816939e+00 1.569898682646452947e-03
2.324085235595703125e+00 1.274459180422127030e-03
2.329035282135010210e+00 1.250572153367101929e-03
2.333985328674315962e+00 1.136371982283890031e-03
2.338935613632202148e+00 1.232732669450343089e-03
2.343885660171508789e+00 1.147612114436924024e-03
2.348835706710814986e+00 1.458321814425290065e-03
2.353785991668701172e+00 1.327549107372760990e-03
2.358736038208007812e+00 1.572861219756305001e-03
2.363686084747314009e+00 1.331113744527101950e-03
2.368636369705200195e+00 1.659071422182023959e-03
2.373586416244506836e+00 1.237297779880464077e-03
2.378536462783813032e+00 1.761538791470230059e-03
2.383486747741699219e+00 1.604800228960812092e-03
2.388436794281005859e+00 1.999377273023128943e-03
2.393386840820312056e+00 1.473642885684967041e-03
2.398337125778197798e+00 1.292482833378016949e-03
2.403287172317504883e+00 1.429118216037750027e-03
2.408237218856811968e+00 1.303052529692650058e-03
2.413187503814696822e+00 1.476652221754193089e-03
2.418137550354003906e+00 1.527048996649682956e-03
2.423087596893310991e+00 1.325131044723093943e-03
2.428037881851195845e+00 1.716348226182162979e-03
2.432987928390502930e+00 1.595145440660417080e-03
2.437937974929810014e+00 2.017651218920946121e-03
2.442888259887694868e+00 1.608945196494460106e-03
2.447838306427001953e+00 1.738344202749430916e-03
2.452788591384888139e+00 1.793779083527625041e-03
2.457738637924193892e+00 1.579821342602371953e-03
2.462688684463500977e+00 1.723452820442616940e-03
2.467638969421387163e+00 1.675782841630280018e-03
2.472589015960692915e+00 1.850626780651509979e-03
2.477539062500000000e+00 1.842831727117300034e-03
2.482489347457886186e+00 1.642008894123136997e-03
2.487439393997191939e+00 1.761370105668901963e-03
2.492389440536499023e+00 1.742747146636248069e-03
2.497339725494385210e+00 1.466382062062620900e-03
2.502289772033690962e+00 1.991629600524901910e-03
2.507239818572998047e+00 1.841982128098607063e-03
2.512190103530883789e+00 1.924254698678850911e-03
2.517140150070189986e+00 1.680761226452887058e-03
2.522090196609497070e+00 1.674150116741657040e-03
2.527040481567382812e+00 1.633240026421844959e-03
2.531990528106689009e+00 2.422871533781290054e-03
2.536940574645996094e+00 2.060512779280542894e-03
2.541890859603881836e+00 2.082257997244596048e-03
2.546840906143188032e+00 1.533894916065037034e-03
2.551790952682495117e+00 1.827687025070189996e-03
2.556741237640380859e+00 1.523161190561949990e-03
2.561691284179687944e+00 2.036254853010178046e-03
2.566641330718994141e+00 1.785158063285052993e-03
2.571591615676879883e+00 1.895627821795641942e-03
2.576541662216186968e+00 1.985877985134720802e-03
2.581491708755493164e+00 1.524903229437768026e-03
2.586441993713378906e+00 1.720348838716744943e-03
2.591392040252685991e+00 1.876945258118212006e-03
2.596342086791992188e+00 2.016046550124884085e-03
2.601292371749877930e+00 1.868412480689584992e-03
2.606242418289185014e+00 2.228833967819809914e-03
2.611192464828491211e+00 1.809193519875407002e-03
2.616142749786376953e+00 2.001797547563910051e-03
2.621092796325684038e+00 2.067214576527475877e-03
2.626042842864989790e+00 1.998955849558115005e-03
2.630993127822875977e+00 2.031916752457619147e-03
2.635943174362183061e+00 1.695169718004762910e-03
2.640893459320067915e+00 1.731641939841211059e-03
2.645843505859375000e+00 2.084592590108513832e-03
2.650793552398682085e+00 1.896630972623825073e-03
2.655743837356566939e+00 1.795123680494725921e-03
2.660693883895874023e+00 2.104491693899035020e-03
2.665643930435181108e+00 2.225281903520226045e-03
2.670594215393065962e+00 1.799204736016690948e-03
2.675544261932373047e+00 1.771642942912877040e-03
2.680494308471680132e+00 1.760304206982254982e-03
2.685444593429564986e+00 1.869951491244137070e-03
2.690394639968872070e+00 1.694040372967720032e-03
2.695344686508179155e+00 1.866196398623287895e-03
2.700294971466064009e+00 1.950178877450525977e-03
2.705245018005371094e+00 1.962068956345320182e-03
2.710195064544678178e+00 1.940871821716428020e-03
2.715145349502563032e+00 1.753917196765542030e-03
2.720095396041870117e+00 2.342004328966141181e-03
2.725045442581177202e+00 1.989116659387946129e-03
2.729995727539062056e+00 1.967013115063310103e-03
2.734945774078369141e+00 2.185876714065670967e-03
2.739895820617675781e+00 2.052991418167949157e-03
2.744846105575561968e+00 1.975987805053592162e-03
2.749796152114868164e+00 2.031121868640183969e-03
2.754746198654174805e+00 2.287945011630653901e-03
2.759696483612060991e+00 1.905301469378172918e-03
2.764646530151367188e+00 1.786651671864091916e-03
2.769596576690673828e+00 1.825618906877934933e-03
2.774546861648560014e+00 2.079185796901584105e-03
2.779496908187866211e+00 1.857042778283358054e-03
2.784446954727172852e+00 2.078647026792169051e-03
2.789397239685059038e+00 2.169267274439334869e-03
2.794347286224364790e+00 2.189430641010404067e-03
2.799297332763671875e+00 2.192500745877623992e-03
2.804247617721558061e+00 2.300224034115672112e-03
2.809197664260863814e+00 2.238869201391934915e-03
2.814147710800170898e+00 2.131010172888637023e-03
2.819097995758057085e+00 2.035157522186636925e-03
2.824048042297362837e+00 2.349380636587738991e-03
2.828998327255249023e+00 1.973480451852083206e-03
2.833948373794556108e+00 1.834476715885102966e-03
2.838898420333861861e+00 2.095564501360058784e-03
2.843848705291748047e+00 1.513991039246320941e-03
2.848798751831055132e+00 1.837761141359806061e-03
2.853748798370360884e+00 2.162106102332472801e-03
2.858699083328247070e+00 2.147245919331907792e-03
2.863649129867554155e+00 2.086811466142535210e-03
2.868599176406859907e+00 2.224472584202886061e-03
2.873549461364746094e+00 2.134463982656598091e-03
2.878499507904053178e+00 2.203252399340271950e-03
2.883449554443358931e+00 2.411584835499525070e-03
2.888399839401245117e+00 2.301549073308705850e-03
2.893349885940552202e+00 2.101221354678273201e-03
2.898299932479857954e+00 1.820271601900457902e-03
2.903250217437744141e+00 2.153913257643580003e-03
2.908200263977050781e+00 2.178259426727890968e-03
2.913150310516356978e+00 2.269472228363155885e-03
2.918100595474243164e+00 1.845904625952244022e-03
2.923050642013549805e+00 2.352226292714477019e-03
2.928000688552856001e+00 2.216301392763853073e-03
2.932950973510742188e+00 2.026778412982821031e-03
2.937901020050048828e+00 2.228036057204008102e-03
2.942851066589355025e+00 2.041822532191873030e-03
2.947801351547241211e+00 2.108281943947076797e-03
2.952751398086547852e+00 2.245102543383837180e-03
2.957701444625854048e+00 2.483212854713201957e-03
2.962651729583739790e+00 2.153023611754179001e-03
2.967601776123046875e+00 2.017853781580924988e-03
2.972551822662353960e+00 2.032154938206077056e-03
2.977502107620238814e+00 2.274020342156291008e-03
2.982452154159545898e+00 2.322511048987507820e-03
2.987402200698852983e+00 1.962112728506327109e-03
2.992352485656737837e+00 2.297489205375314193e-03
2.997302532196044922e+00 2.151753287762403054e-03
3.002252578735352007e+00 2.321154344826937155e-03
3.007202863693236861e+00 2.324534347280859947e-03
3.012152910232543945e+00 2.089304383844137192e-03
3.017103195190430132e+00 2.117258729413152175e-03
3.022053241729735884e+00 2.530689118430017991e-03
3.027003288269042969e+00 2.217702334746717973e-03
3.031953573226929155e+00 2.179198665544391112e-03
3.036903619766234907e+00 2.478780457749962807e-03
3.041853666305541992e+00 2.484102733433247046e-03
3.046803951263428178e+00 2.320205792784690857e-03
3.051753997802733931e+00 2.327353926375507875e-03
3.056704044342041016e+00 2.356991404667497115e-03
3.061654329299927202e+00 2.394648967310785814e-03
3.066604375839232954e+00 2.202080795541406111e-03
3.071554422378540039e+00 2.212665043771266937e-03
3.076504707336425781e+00 2.410618355497717857e-03
3.081454753875731978e+00 2.613067161291838126e-03
3.086404800415039062e+00 2.403182210400701003e-03
3.091355085372924805e+00 2.553414786234498024e-03
3.096305131912231001e+00 2.158276969566940828e-03
3.101255178451538086e+00 2.259873319417237802e-03
3.106205463409423828e+00 2.505774144083261056e-03
3.111155509948730025e+00 2.512861974537373023e-03
3.116105556488037109e+00 2.637292025610804991e-03
3.121055841445922852e+00 2.710827626287937164e-03
3.126005887985229048e+00 2.609424293041228814e-03
3.130955934524536133e+00 2.637898549437522888e-03
3.135906219482421875e+00 2.836863743141293959e-03
3.140856266021728960e+00 2.708622487261890931e-03
3.145806312561035156e+00 2.596965292468667030e-03
3.150756597518920898e+00 2.521317452192306952e-03
3.155706644058227983e+00 2.826727926731110053e-03
3.160656690597534180e+00 2.626144094392656846e-03
3.165606975555419922e+00 2.827545162290335135e-03
3.170557022094727007e+00 2.686599036678671837e-03
3.175507068634033203e+00 2.671330468729137941e-03
3.180457353591918945e+00 2.983478829264640808e-03
3.185407400131226030e+00 2.784627489745616913e-03
3.190357446670531782e+00 2.708367537707089944e-03
3.195307731628417969e+00 2.945341169834136963e-03
3.200257778167725053e+00 2.894469536840916114e-03
3.205208063125609907e+00 2.962620696052908897e-03
3.210158109664916992e+00 2.929263515397905870e-03
3.215108156204224077e+00 2.866886090487242179e-03
3.220058441162108931e+00 3.065129276365042166e-03
3.225008487701416016e+00 2.999333431944251060e-03
3.229958534240723100e+00 2.917447825893760161e-03
3.234908819198607954e+00 2.942064311355351968e-03
3.239858865737915039e+00 3.037748858332633972e-03
3.244808912277222124e+00 2.854374004527926011e-03
3.249759197235106978e+00 2.961284248158336119e-03
3.254709243774414062e+00 2.872887533158063889e-03
3.259659290313721147e+00 3.164857858791946931e-03
3.264609575271606001e+00 3.331259125843644142e-03
3.269559621810913086e+00 3.223075298592447801e-03
3.274509668350220171e+00 3.025879152119160132e-03
3.279459953308105025e+00 3.097473876550794081e-03
3.284409999847412109e+00 3.182401414960622787e-03
3.289360046386719194e+00 3.289203159511088891e-03
3.294310331344604048e+00 3.363177878782153130e-03
3.299260377883911133e+00 3.331952029839158058e-03
3.304210424423218218e+00 3.325801808387041092e-03
3.309160709381103960e+00 3.203438827767968178e-03
3.314110755920410156e+00 3.340315539389849143e-03
3.319060802459716797e+00 3.291344968602060838e-03
3.324011087417602983e+00 3.303722944110631943e-03
3.328961133956909180e+00 3.254956798627973037e-03
3.333911180496215820e+00 3.442343324422835870e-03
3.338861465454102007e+00 3.221635473892093138e-03
3.343811511993408203e+00 3.435451304540038109e-03
3.348761558532714844e+00 3.575428854674100876e-03
3.353711843490601030e+00 3.596009453758596940e-03
3.358661890029906782e+00 3.403302282094955011e-03
3.363611936569213867e+00 3.880815813317894936e-03
3.368562221527100053e+00 3.531391732394694848e-03
3.373512268066405806e+00 3.608901752158999009e-03
3.378462314605712891e+00 3.569285850971937180e-03
3.383412599563599077e+00 3.642440075054765181e-03
3.388362646102904829e+00 3.646226134151219888e-03
3.393312931060791016e+00 3.682974027469753785e-03
3.398262977600098100e+00 3.723321482539176941e-03
3.403213024139403853e+00 3.632544074207543893e-03
3.408163309097290039e+00 3.565501188859343962e-03
3.413113355636597124e+00 3.804468084126710892e-03
3.418063402175902876e+00 3.829711582511663003e-03
3.423013687133789062e+00 3.498235484585165977e-03
3.427963733673096147e+00 3.733274294063448906e-03
3.432913780212401900e+00 3.758701262995601134e-03
3.437864065170288086e+00 3.819342004135251045e-03
3.442814111709595171e+00 3.888824023306370215e-03
3.447764158248900923e+00 3.567415755242108865e-03
3.452714443206787109e+00 4.019717220216990385e-03
3.457664489746094194e+00 3.894397988915442987e-03
3.462614536285399947e+00 3.836299758404492898e-03
3.467564821243286133e+00 4.026331938803195953e-03
3.472514867782593218e+00 3.982719499617815018e-03
3.477464914321898970e+00 3.787200897932053046e-03
3.482415199279785156e+00 3.768288996070622964e-03
3.487365245819091797e+00 3.827441483736038208e-03
3.492315292358397993e+00 3.798165591433643861e-03
3.497265577316284180e+00 3.876707982271910147e-03
3.502215623855590820e+00 4.023211542516946793e-03
3.507165670394897017e+00 3.824510378763080077e-03
3.512115955352783203e+00 3.888672450557351112e-03
3.517066001892089844e+00 3.888729726895689964e-03
3.522016048431396040e+00 3.780331229791045189e-03
3.526966333389281782e+00 3.768668510019779205e-03
3.531916379928588867e+00 4.023143090307713422e-03
3.536866426467895952e+00 3.749000374227761789e-03
3.541816711425780806e+00 3.480515675619245009e-03
3.546766757965087891e+00 3.920178394764661789e-03
3.551716804504394975e+00 4.057896789163351059e-03
3.556667089462279829e+00 3.918485715985298157e-03
3.561617136001586914e+00 4.052052274346351624e-03
3.566567182540893999e+00 3.871893510222434998e-03
3.571517467498778853e+00 4.124342929571866989e-03
3.576467514038085938e+00 4.059587605297564593e-03
3.581417798995972124e+00 4.142460878938437376e-03
3.586367845535277876e+00 3.880975767970085144e-03
3.591317892074584961e+00 4.087654408067464828e-03
3.596268177032471147e+00 4.159276373684406281e-03
3.601218223571776900e+00 3.995387814939022064e-03
3.606168270111083984e+00 3.915301058441401395e-03
3.611118555068970171e+00 4.141939803957939148e-03
3.616068601608275923e+00 4.312752280384302139e-03
3.621018648147583008e+00 3.944314550608397398e-03
3.625968933105469194e+00 3.952713217586278915e-03
3.630918979644774947e+00 4.359951242804527283e-03
3.635869026184082031e+00 4.374058917164803419e-03
3.640819311141968218e+00 4.111872985959053040e-03
3.645769357681273970e+00 4.235232714563608170e-03
3.650719404220581055e+00 4.443163983523845673e-03
3.655669689178466797e+00 4.307746421545743942e-03
3.660619735717772993e+00 4.055225290358067426e-03
3.665569782257080078e+00 4.322071559727191925e-03
3.670520067214965820e+00 4.200374241918325424e-03
3.675470113754272017e+00 4.292573779821395874e-03
3.680420160293579102e+00 4.171698819845914841e-03
3.685370445251464844e+00 4.274089820683001605e-03
3.690320491790771040e+00 4.408966284245252609e-03
3.695270538330078125e+00 4.292807076126337051e-03
3.700220823287963867e+00 4.253969062119722366e-03
3.705170869827270952e+00 4.268114920705556870e-03
3.710120916366577148e+00 4.224809352308511734e-03
3.715071201324462891e+00 4.173033870756626129e-03
3.720021247863769975e+00 4.132590256631374359e-03
3.724971294403076172e+00 4.332288168370723724e-03
3.729921579360961914e+00 4.473787266761065397e-03
3.734871625900268999e+00 4.304840695112943649e-03
3.739821672439575195e+00 4.482447169721127424e-03
3.744771957397460938e+00 3.940322902053594589e-03
3.749722003936768022e+00 4.359824582934379578e-03
3.754672050476074219e+00 4.403304308652877808e-03
3.759622335433959961e+00 4.434179980307816592e-03
3.764572381973267046e+00 4.301063250750303268e-03
3.769522666931151900e+00 4.391964990645647049e-03
3.774472713470458984e+00 4.330362193286418915e-03
3.779422760009766069e+00 4.196469672024250031e-03
3.784373044967650923e+00 4.258747678250074387e-03
3.789323091506958008e+00 4.186425823718309402e-03
3.794273138046265093e+00 4.254836589097976685e-03
3.799223423004149947e+00 4.516880027949810028e-03
3.804173469543457031e+00 4.343812819570302963e-03
3.809123516082764116e+00 4.077457822859287262e-03
3.814073801040648970e+00 4.494036547839641571e-03
3.819023847579956055e+00 4.031923133879899979e-03
3.823973894119263139e+00 4.312490578740835190e-03
3.828924179077147993e+00 4.374475218355655670e-03
3.833874225616455078e+00 4.319849889725446701e-03
3.838824272155762163e+00 4.242817871272563934e-03
3.843774557113647017e+00 4.426395520567893982e-03
3.848724603652954102e+00 4.349858965724706650e-03
3.853674650192261186e+00 4.485888406634330750e-03
3.858624935150146040e+00 4.307167138904333115e-03
3.863574981689453125e+00 4.400568548589944839e-03
3.868525028228760210e+00 4.441733472049236298e-03
3.873475313186645952e+00 4.134646616876125336e-03
3.878425359725952148e+00 4.443268291652202606e-03
3.883375406265258789e+00 4.321575630456209183e-03
3.888325691223144975e+00 4.390835762023925781e-03
3.893275737762451172e+00 4.941294435411691666e-03
3.898225784301757812e+00 3.698846325278282166e-03
3.913076162338256836e+00 4.402102436870337400e-03
3.918026447296143022e+00 4.317087121307849884e-03
3.922976493835449219e+00 4.361897706985473633e-03
3.927926540374755859e+00 4.241184797137975693e-03
3.932876825332642046e+00 4.379848483949899673e-03
3.937826871871947798e+00 4.395774565637111664e-03
3.942776918411254883e+00 4.202052950859069824e-03
3.947727203369141069e+00 4.375134129077196121e-03
3.952677249908446822e+00 4.606778733432292938e-03
3.957627534866333008e+00 4.469659179449081421e-03
3.962577581405640093e+00 4.434858448803424835e-03
3.967527627944945845e+00 4.404332954436540604e-03
3.972477912902832031e+00 4.437368828803300858e-03
3.977427959442139116e+00 4.360510502010583878e-03
3.982378005981444868e+00 4.403453320264816284e-03
3.987328290939331055e+00 4.323719069361686707e-03
3.992278337478638139e+00 4.347365815192461014e-03
3.997228384017943892e+00 4.580343142151832581e-03
4.002178668975830078e+00 4.502545110881328583e-03
4.007128715515136719e+00 4.477681126445531845e-03
4.012078762054443359e+00 4.795779008418321609e-03
4.017028808593750000e+00 4.571383818984031677e-03
4.021978855133056641e+00 4.594447091221809387e-03
4.026929378509520596e+00 4.519694950431585312e-03
4.031879425048828125e+00 4.426199011504650116e-03
4.036829471588134766e+00 4.667737055569887161e-03
4.041779518127441406e+00 4.279333166778087616e-03
4.046729564666748047e+00 4.314642399549484253e-03
4.051680088043212891e+00 4.673366900533437729e-03
4.056630134582520419e+00 4.785370081663131714e-03
4.061580181121826172e+00 4.319197498261929426e-03
4.066530227661132812e+00 4.413751419633626938e-03
4.071480274200438565e+00 4.516819026321172714e-03
4.076430320739746094e+00 4.606691189110279083e-03
4.081380844116210938e+00 4.295458551496267319e-03
4.086330890655517578e+00 4.567632451653481397e-03
4.091280937194824219e+00 4.501548130065202713e-03
4.096230983734130859e+00 4.486523568630219373e-03
4.101181030273438388e+00 4.254152067005634308e-03
4.106131076812744141e+00 4.566487856209278107e-03
4.111081600189208984e+00 4.775661975145339966e-03
4.116031646728515625e+00 4.478823859244585037e-03
4.120981693267822266e+00 4.639728926122188568e-03
4.125931739807128906e+00 4.555773921310901642e-03
4.130881786346436435e+00 4.482796881347894669e-03
4.135831832885742188e+00 4.588075913488864899e-03
4.140782356262207031e+00 4.723020829260349274e-03
4.145732402801513672e+00 4.552503582090139389e-03
4.150682449340820312e+00 4.466449841856955615e-03
4.155632495880126953e+00 4.630258772522211075e-03
4.160582542419433594e+00 4.272580146789550781e-03
4.165532588958740234e+00 4.513178486377000809e-03
4.170483112335205078e+00 4.366029519587755203e-03
4.175433158874511719e+00 4.545703530311583605e-03
4.180383205413818359e+00 4.667020868510007858e-03
4.185333251953125000e+00 4.509424325078725815e-03
4.190283298492431641e+00 4.542666021734476089e-03
4.195233345031738281e+00 4.584102425724267960e-03
4.200183868408203125e+00 4.512961953878402710e-03
4.205133914947509766e+00 4.593167454004287720e-03
4.210083961486816406e+00 4.651075694710016251e-03
4.215034008026123047e+00 4.400398582220078382e-03
4.219984054565429688e+00 4.573641810566186905e-03
4.224934101104736328e+00 4.500718321651220322e-03
4.229884624481201172e+00 4.478044342249631882e-03
4.234834671020507812e+00 4.590645898133516312e-03
4.239784717559813565e+00 4.608701448887586594e-03
4.244734764099121094e+00 4.438135772943496704e-03
4.249684810638427734e+00 4.631185438483952609e-03
4.254635334014892578e+00 4.571688827127218246e-03
4.259585380554199219e+00 4.383967258036136627e-03
4.264535427093505859e+00 4.770571831613779068e-03
4.269485473632811612e+00 4.495342727750539780e-03
4.274435520172119141e+00 4.509271122515201569e-03
4.279385566711425781e+00 4.736059345304965973e-03
4.284336090087890625e+00 4.415514413267374039e-03
4.289286136627197266e+00 4.649802576750516891e-03
4.294236183166503906e+00 4.580465611070395383e-03
4.299186229705811435e+00 4.485121928155422211e-03
4.304136276245117188e+00 4.395487718284130096e-03
4.309086322784423828e+00 4.624555353075265884e-03
4.314036846160888672e+00 4.695262294262647629e-03
4.318986892700195312e+00 4.567082505673170090e-03
4.323936939239501953e+00 4.492964595556259155e-03
4.328886985778808594e+00 4.280554596334695816e-03
4.333837032318115234e+00 4.397838376462460432e-03
4.338787078857421875e+00 4.693242721259593964e-03
4.343737602233886719e+00 4.341633059084414568e-03
4.348687648773193359e+00 4.729012027382850647e-03
4.353637695312500000e+00 4.682614933699369431e-03
4.358587741851806641e+00 4.662447609007359418e-03
4.363537788391113281e+00 4.490004852414131165e-03
4.368487834930419922e+00 4.476181231439113617e-03
4.373438358306884766e+00 4.467969294637441635e-03
4.378388404846191406e+00 4.592922516167163849e-03
4.383338451385498047e+00 4.642102401703596115e-03
4.388288497924804688e+00 4.672623239457607269e-03
4.393238544464111328e+00 4.376677796244621277e-03
4.398188591003417969e+00 4.485404118895530701e-03
4.403139114379882812e+00 4.597251769155263901e-03
4.408089160919188565e+00 4.712253343313932419e-03
4.413039207458496094e+00 4.486890509724617004e-03
4.417989253997802734e+00 4.302525427192449570e-03
4.422939300537109375e+00 4.396012518554925919e-03
4.427889823913574219e+00 4.533302504569292068e-03
4.432839870452880859e+00 4.587121307849884033e-03
4.437789916992188388e+00 4.243019502609968185e-03
4.442739963531494141e+00 4.529309459030628204e-03
4.447690010070800781e+00 4.643079359084367752e-03
4.452640056610107422e+00 4.406196065247058868e-03
4.457590579986572266e+00 4.430187866091728210e-03
4.462540626525878906e+00 4.500620998442173004e-03
4.467490673065186435e+00 4.492377396672964096e-03
4.472440719604492188e+00 4.468169528990983963e-03
4.477390766143798828e+00 4.565993789583444595e-03
4.482340812683104581e+00 4.414343275129795074e-03
4.487291336059570312e+00 4.564040806144475937e-03
4.492241382598876953e+00 4.473161417990922928e-03
4.497191429138183594e+00 4.390581510961055756e-03
4.502141475677490234e+00 4.314741119742392626e-03
4.507091522216796875e+00 4.479171708226203918e-03
4.512041568756104404e+00 4.644474014639854431e-03
4.516992092132568359e+00 4.572193138301373395e-03
4.521942138671875000e+00 4.565876442939043045e-03
4.526892185211181641e+00 4.616620019078254700e-03
4.531842231750488281e+00 4.425238817930222425e-03
4.536792278289794922e+00 4.247472621500492096e-03
4.541742324829101562e+00 4.332916811108589172e-03
4.546692848205566406e+00 4.606162663549184799e-03
4.551642894744873047e+00 4.684568848460912704e-03
4.556592941284179688e+00 4.238306544721127424e-03
4.561542987823486328e+00 4.432321526110172272e-03
4.566493034362792969e+00 4.321743734180927277e-03
4.571443080902099609e+00 4.400304052978754044e-03
4.576393604278563565e+00 4.557433072477579117e-03
4.581343650817871094e+00 4.318261053413152695e-03
4.586293697357177734e+00 4.476122092455626401e-03
4.591243743896484375e+00 4.310873337090015411e-03
4.596193790435791016e+00 4.587052389979361620e-03
4.601143836975097656e+00 4.656563512980937958e-03
4.606094360351561612e+00 4.820976406335830688e-03
4.611044406890869141e+00 4.395424854010344419e-03
4.615994453430175781e+00 4.661918152123689651e-03
4.620944499969482422e+00 4.318975377827882767e-03
4.625894546508789062e+00 4.564413335174322128e-03
4.630845069885253906e+00 4.754131659865379333e-03
4.635795116424561435e+00 4.179805051535367966e-03
4.640745162963867188e+00 4.311498720198869705e-03
4.645695209503173828e+00 4.564494360238313675e-03
4.650645256042479581e+00 4.218046087771654129e-03
4.655595302581787109e+00 4.518150817602872849e-03
4.660545825958251953e+00 4.474127665162085619e-03
4.665495872497558594e+00 4.520276561379432678e-03
4.670445919036865234e+00 4.597763530910015106e-03
4.675395965576171875e+00 4.108608700335025787e-03
4.680346012115479404e+00 4.315015859901905060e-03
4.685296058654785156e+00 4.685262218117713928e-03
4.690246582031250000e+00 4.600347019731997576e-03
4.695196628570556641e+00 4.343295935541391373e-03
4.700146675109863281e+00 4.449602216482161608e-03
4.705096721649169922e+00 4.509975202381610870e-03
4.710046768188476562e+00 4.409315064549446106e-03
4.714996814727783203e+00 4.170951899141073227e-03
4.719947338104248047e+00 4.357683937996625900e-03
4.724897384643554688e+00 4.335589706897735596e-03
4.729847431182861328e+00 4.516499117016792297e-03
4.734797477722167969e+00 4.332025069743394852e-03
4.739747524261474609e+00 4.646806046366691589e-03
4.744697570800781250e+00 4.443102981895208359e-03
4.749648094177246094e+00 4.417682997882366180e-03
4.754598140716552734e+00 4.439951386302709579e-03
4.759548187255859375e+00 4.529028665274381638e-03
4.764498233795166016e+00 4.602487199008464813e-03
4.769448280334472656e+00 4.480862058699131012e-03
4.774398326873779297e+00 4.669072572141885757e-03
4.779348850250244141e+00 4.692219663411378860e-03
4.784298896789550781e+00 4.421066027134656906e-03
4.789248943328857422e+00 4.483134951442480087e-03
4.794198989868164062e+00 4.361136350780724612e-03
4.799149036407470703e+00 4.467863123863934603e-03
4.804099559783936435e+00 4.539518617093563080e-03
4.809049606323242188e+00 4.431282170116901398e-03
4.813999652862548828e+00 4.524102434515953064e-03
4.818949699401854581e+00 4.502044059336184588e-03
4.823899745941162109e+00 4.307680763304234418e-03
4.828849792480468750e+00 4.397580865770578384e-03
4.833800315856933594e+00 4.725298378616571426e-03
4.838750362396240234e+00 4.555747378617525101e-03
4.843700408935546875e+00 4.415398463606834412e-03
4.848650455474854404e+00 4.747506696730852127e-03
4.853600502014160156e+00 4.424481652677059174e-03
4.858550548553466797e+00 4.504162352532148361e-03
4.863501071929931641e+00 4.434565547853708267e-03
4.868451118469238281e+00 4.657649900764226913e-03
4.873401165008544922e+00 4.503481555730103579e-03
4.878351211547851562e+00 4.639203194528818130e-03
4.883301258087158203e+00 4.599876701831817627e-03
4.888251304626464844e+00 4.434767644852399826e-03
4.893201828002929688e+00 4.616009537130594254e-03
4.898151874542236328e+00 4.670914728194475174e-03
4.903101921081542969e+00 4.500178620219230652e-03
4.908051967620849609e+00 4.378858953714370728e-03
4.913002014160156250e+00 4.470875486731529236e-03
4.917952060699462891e+00 4.710269160568714142e-03
4.922902584075927734e+00 4.518383182585239410e-03
4.927852630615234375e+00 4.380016587674617767e-03
4.932802677154541016e+00 4.342019557952880859e-03
4.937752723693847656e+00 4.744213540107011795e-03
4.942702770233154297e+00 4.683983977884054184e-03
4.947652816772460938e+00 4.525275435298681259e-03
4.952603340148925781e+00 4.542033653706312180e-03
4.957553386688232422e+00 4.800096619874238968e-03
4.962503433227539062e+00 4.629546310752630234e-03
4.967453479766845703e+00 4.517994821071624756e-03
4.972403526306152344e+00 4.498837981373071671e-03
4.977353572845458984e+00 4.613388329744338989e-03
4.982304096221923828e+00 4.579090978950262070e-03
4.987254142761229581e+00 4.388764966279268265e-03
4.992204189300537109e+00 4.558689892292022705e-03
4.997154235839843750e+00 4.500084090977907181e-03
5.002104282379150391e+00 4.436492919921875000e-03
5.007054805755615234e+00 4.468664526939392090e-03
5.012004852294921875e+00 4.929452203214169416e-03
5.016954898834229404e+00 4.760723561048507690e-03
5.021904945373535156e+00 4.604837391525506973e-03
5.026854991912841797e+00 4.496831446886062622e-03
5.031805038452148438e+00 4.451374057680368423e-03
5.036755561828613281e+00 4.652181174606084824e-03
5.041705608367919922e+00 4.789245314896106720e-03
5.046655654907226562e+00 4.392463713884353638e-03
5.051605701446533203e+00 4.652522504329681396e-03
5.056555747985839844e+00 4.862549249082803726e-03
5.061505794525145596e+00 4.778256639838218689e-03
5.066456317901611328e+00 4.287905525416135788e-03
5.071406364440917969e+00 4.492443520575761795e-03
5.076356410980224609e+00 4.441855009645223618e-03
5.081306457519531250e+00 4.786247387528418627e-03
5.086256504058837891e+00 4.421142861247062683e-03
5.091206550598145419e+00 4.810777027159929276e-03
5.096157073974609375e+00 4.684314131736755371e-03
5.101107120513916016e+00 4.688257817178964615e-03
5.106057167053222656e+00 4.547758027911186218e-03
5.111007213592529297e+00 4.766722209751605988e-03
5.115957260131835938e+00 4.529069177806377411e-03
5.120907306671142578e+00 4.612632095813751221e-03
5.125857830047607422e+00 4.566248040646314621e-03
5.130807876586914062e+00 4.688464105129241943e-03
5.135757923126220703e+00 4.729128442704677582e-03
5.140707969665527344e+00 4.685867112129926682e-03
5.145658016204833984e+00 4.583800677210093412e-03
5.150608062744140625e+00 4.715051036328077316e-03
5.155558586120604581e+00 4.475871101021766663e-03
5.160508632659912109e+00 4.659343976527451602e-03
5.165458679199218750e+00 4.351186566054821014e-03
5.170408725738525391e+00 4.727590829133987427e-03
5.175358772277832031e+00 4.722384270280599594e-03
5.180309295654296875e+00 4.445553757250308990e-03
5.185259342193604404e+00 4.636624827980995178e-03
5.190209388732910156e+00 4.576066508889198303e-03
5.195159435272216797e+00 4.704105202108621597e-03
5.200109481811523438e+00 4.840843845158815384e-03
5.205059528350830078e+00 4.239827394485473633e-03
5.210010051727294922e+00 4.479098133742809296e-03
5.214960098266601562e+00 4.486333578824996948e-03
5.219910144805908203e+00 4.516686778515577316e-03
5.224860191345214844e+00 4.666669759899377823e-03
5.229810237884520596e+00 4.469394683837890625e-03
5.234760284423828125e+00 4.524848889559507370e-03
5.239710807800292969e+00 4.413758404552937421e-03
5.244660854339599609e+00 4.435497336089611053e-03
5.249610900878906250e+00 4.325638525187969208e-03
5.254560947418212891e+00 4.304952919483184814e-03
5.259510993957520419e+00 4.408118780702353391e-03
5.264461040496826172e+00 4.608233459293842316e-03
5.269411563873291016e+00 4.418721888214349747e-03
5.274361610412597656e+00 4.424803424626588821e-03
5.279311656951904297e+00 4.377272445708513260e-03
5.284261703491210938e+00 4.425082355737686157e-03
5.289211750030517578e+00 4.573287442326545715e-03
5.294161796569824219e+00 4.373906180262565613e-03
5.299112319946289062e+00 4.322790540754795074e-03
5.304062366485595703e+00 4.346249625086784363e-03
5.309012413024902344e+00 4.327330272644758224e-03
5.313962459564208984e+00 4.664281383156776428e-03
5.318912506103515625e+00 4.532667808234691620e-03
5.323862552642822266e+00 4.263156093657016754e-03
5.328813076019287109e+00 4.221451934427022934e-03
5.333763122558593750e+00 4.340595100075005618e-03
5.338713169097900391e+00 4.178667441010475159e-03
5.343663215637207031e+00 4.190279636532068253e-03
5.348613262176513672e+00 4.395980853587388992e-03
5.353563308715820312e+00 4.398723132908344269e-03
5.358513832092285156e+00 4.264703486114740372e-03
5.363463878631591797e+00 4.291496239602565765e-03
5.368413925170898438e+00 4.366122186183928576e-03
5.373363971710205078e+00 4.334483761340379715e-03
5.378314018249511719e+00 4.254109691828489304e-03
5.383264541625976562e+00 4.136438481509686384e-03
5.388214588165283203e+00 4.131170455366373062e-03
5.393164634704589844e+00 4.526663571596145630e-03
5.398114681243895596e+00 4.329021088778972626e-03
5.403064727783203125e+00 4.206856712698935595e-03
5.408014774322509766e+00 4.295507911592721939e-03
5.412965297698974609e+00 4.022364970296621323e-03
5.417915344238281250e+00 3.995558712631464005e-03
5.422865390777587891e+00 4.250882659107446671e-03
5.427815437316895419e+00 4.146591760218142596e-03
5.432765483856201172e+00 3.935029730200768384e-03
5.437715530395507812e+00 4.183813929557800293e-03
5.442666053771972656e+00 4.369664005935192108e-03
5.447616100311279297e+00 4.201903939247131348e-03
5.452566146850585938e+00 4.125654231756925583e-03
5.457516193389892578e+00 4.089287016540765762e-03
5.462466239929199219e+00 3.986642230302095413e-03
5.467416286468505859e+00 3.858048468828200860e-03
5.472366809844970703e+00 4.192689433693885803e-03
5.477316856384277344e+00 3.922954667359591398e-03
5.482266902923583984e+00 4.037139471620321274e-03
5.487216949462890625e+00 3.994835074990987778e-03
5.492166996002197266e+00 4.286894574761390686e-03
5.497117042541503906e+00 4.150469787418842316e-03
5.502067565917968750e+00 3.872062079608439965e-03
5.507017612457275391e+00 4.238892346620559692e-03
5.511967658996582031e+00 3.821071935817598863e-03
5.516917705535888672e+00 3.993604797869920731e-03
5.521867752075195312e+00 3.993426915258169174e-03
5.526817798614501953e+00 4.069831222295761108e-03
5.531768321990966797e+00 4.175636451691389084e-03
5.536718368530273438e+00 4.094860516488552094e-03
5.541668415069580078e+00 4.027762450277805328e-03
5.546618461608886719e+00 4.144086036831141386e-03
5.551568508148193359e+00 3.984599374234676361e-03
5.556519031524658203e+00 4.208605270832777023e-03
5.561469078063964844e+00 4.232076462358236313e-03
5.566419124603270596e+00 4.108784254640340805e-03
5.571369171142578125e+00 3.974468447268009186e-03
5.576319217681884766e+00 4.159630276262760162e-03
5.581269264221191406e+00 4.150048363953828812e-03
5.586219787597656250e+00 4.063386935740709305e-03
5.591169834136962891e+00 3.902419703081250191e-03
5.596119880676270419e+00 4.239568952471017838e-03
5.601069927215576172e+00 4.134462680667638779e-03
5.606019973754882812e+00 4.057258833199738589e-03
5.610970020294188565e+00 4.090548958629369736e-03
5.615920543670654297e+00 4.149309825152158737e-03
5.620870590209960938e+00 3.925426863133907318e-03
5.625820636749267578e+00 3.994584549218416214e-03
5.630770683288574219e+00 3.917435649782419205e-03
5.635720729827880859e+00 3.702894784510136084e-03
5.640670776367188388e+00 4.234169144183397293e-03
5.645621299743652344e+00 3.715571714565157890e-03
5.650571346282958984e+00 4.055360332131385803e-03
5.655521392822265625e+00 4.140078555792570114e-03
5.660471439361572266e+00 3.952139522880315781e-03
5.665421485900878906e+00 4.077763296663761139e-03
5.670371532440186435e+00 3.833016380667686029e-03
5.675322055816650391e+00 3.799717873334885077e-03
5.680272102355957031e+00 3.883608616888523102e-03
5.685222148895263672e+00 3.918647766113281250e-03
5.690172195434570312e+00 3.986911382526159286e-03
5.695122241973876953e+00 3.828031709417701201e-03
5.700072288513183594e+00 3.979907836765050888e-03
5.705022811889648438e+00 4.130259156227111816e-03
5.709972858428955078e+00 3.756828373298048973e-03
5.714922904968261719e+00 3.843549173325300217e-03
5.719872951507568359e+00 4.061867948621510592e-03
5.724822998046875000e+00 3.961760550737380981e-03
5.729773044586181641e+00 4.026514012366533279e-03
5.734723567962645596e+00 3.992226906120777130e-03
5.739673614501953125e+00 4.027165472507476807e-03
5.744623661041259766e+00 3.902027616277337074e-03
5.749573707580566406e+00 4.205573815852403641e-03
5.754523754119873047e+00 4.059275146573781967e-03
5.759474277496337891e+00 3.865069942548871040e-03
5.764424324035645419e+00 3.782092593610287146e-03
5.769374370574951172e+00 4.024674184620380402e-03
5.774324417114257812e+00 3.986919764429330826e-03
5.779274463653563565e+00 3.981149755418300629e-03
5.784224510192871094e+00 3.846881445497273965e-03
5.789175033569335938e+00 3.837808966636658149e-03
5.794125080108642578e+00 3.934479318559169769e-03
5.799075126647949219e+00 4.122347570955753326e-03
5.804025173187255859e+00 3.936225548386573792e-03
5.808975219726561612e+00 4.098791629076004028e-03
5.813925266265869141e+00 3.953242674469947815e-03
5.818875789642333984e+00 3.980570938438177109e-03
5.823825836181640625e+00 3.912742715328931808e-03
5.828775882720947266e+00 3.848935011774301963e-03
5.833725929260253906e+00 3.971457481384277344e-03
5.838675975799561435e+00 3.758148523047565980e-03
5.843626022338867188e+00 3.775539807975292206e-03
5.848576545715332031e+00 3.693078178912401199e-03
5.853526592254638672e+00 4.073372576385735598e-03
5.858476638793945312e+00 4.069736693054437637e-03
5.863426685333251953e+00 4.001388791948556900e-03
5.868376731872558594e+00 3.800978884100914001e-03
5.873326778411865234e+00 3.773938398808240891e-03
5.878277301788330078e+00 3.741144668310881095e-03
5.883227348327636719e+00 3.979044966399669647e-03
5.888177394866943359e+00 4.058317281305789948e-03
5.893127441406250000e+00 3.791530849412084059e-03
5.898077487945556641e+00 4.146126564592123032e-03
5.903027534484863281e+00 3.954052925109863281e-03
5.907978057861328125e+00 3.849595319479703903e-03
5.912928104400634766e+00 3.915296867489814758e-03
5.917878150939941406e+00 3.892895067110658126e-03
5.922828197479248047e+00 3.879446303471922874e-03
5.927778244018554688e+00 3.919992595911026001e-03
5.932728767395020419e+00 3.802243387326598167e-03
5.937678813934326172e+00 3.849054919555782838e-03
5.942628860473632812e+00 3.767622867599130110e-03
5.947578907012938565e+00 3.909213468432425585e-03
5.952528953552246094e+00 3.833204274997115135e-03
5.957479000091552734e+00 3.707378404214977784e-03
5.962429523468017578e+00 3.921487368643283844e-03
5.967379570007324219e+00 3.847570624202489853e-03
5.972329616546630859e+00 3.826725296676158905e-03
5.977279663085938388e+00 3.966264892369508743e-03
5.982229709625244141e+00 3.930529579520226392e-03
5.987179756164550781e+00 3.882683813571929932e-03
5.992130279541015625e+00 3.799001686275004907e-03
5.997080326080322266e+00 3.633861197158693834e-03
6.002030372619628906e+00 3.959123045206069946e-03
6.006980419158936435e+00 3.792013972997664972e-03
6.011930465698242188e+00 4.022946581244468689e-03
6.016880512237548828e+00 4.238141700625419617e-03
