4.000000000000000083e-03 2.114923559564571187e+05
4.052678619792954469e-03 2.114624951308058808e+05
4.106050998831734314e-03 2.114318464841541427e+05
4.160126273686217888e-03 2.114003893367548299e+05
4.214913701251770013e-03 2.113681024716977845e+05
4.270422660333857319e-03 2.113349641212623392e+05
4.326662653253596398e-03 2.113009519529394456e+05
4.383643307474375389e-03 2.112660430551166064e+05
4.441374377249971382e-03 2.112302139224186249e+05
4.499865745294300695e-03 2.111934404406964895e+05
4.559127424473228760e-03 2.111556978716570302e+05
4.619169559518591407e-03 2.111169608371266513e+05
4.680002428764862103e-03 2.110772033029402373e+05
4.741636445908612579e-03 2.110363985624493507e+05
4.804082161791224832e-03 2.109945192196399148e+05
4.867350266205001941e-03 2.109515371718539391e+05
4.931451589723142605e-03 2.109074235921050131e+05
4.996397105553737270e-03 2.108621489109819813e+05
5.062197931418262013e-03 2.108156827981307579e+05
5.128865331454726326e-03 2.107679941433076165e+05
5.196410718145971774e-03 2.107190510369952826e+05
5.264845654273282022e-03 2.106688207505736500e+05
5.334181854895797721e-03 2.106172697160372918e+05
5.404431189355929713e-03 2.105643635052509198e+05
5.475605683311250173e-03 2.105100668087356607e+05
5.547717520793071615e-03 2.104543434139763995e+05
5.620779046292217682e-03 2.103971561832434381e+05
5.694802766872174814e-03 2.103384670309193316e+05
5.769801354310159953e-03 2.102782369003228378e+05
5.845787647266302914e-03 2.102164257400223287e+05
5.922774653481473368e-03 2.101529924796297564e+05
6.000775552004002263e-03 2.100878950050678686e+05
6.079803695445725256e-03 2.100210901333024085e+05
6.159872612267769734e-03 2.099525335865310917e+05
6.240996009096439270e-03 2.098821799658225500e+05
6.323187773069578049e-03 2.098099827241965977e+05
6.406461974213823775e-03 2.097358941391392727e+05
6.490832867853236522e-03 2.096598652845444449e+05
6.576314897049547262e-03 2.095818460020764614e+05
6.662922695074655760e-03 2.095017848719448666e+05
6.750671087915575616e-03 2.094196291830868577e+05
6.839575096812478688e-03 2.093353249027497368e+05
6.929649940830062693e-03 2.092488166454678285e+05
7.020911039462882086e-03 2.091600476414284785e+05
7.113374015274885089e-03 2.090689597042219539e+05
7.207054696573827329e-03 2.089754931979698304e+05
7.301969120120785015e-03 2.088795870038282010e+05
7.398133533875474524e-03 2.087811784858620085e+05
7.495564399777604817e-03 2.086802034562864283e+05
7.594278396564982554e-03 2.085765961400734086e+05
7.694292422628604133e-03 2.084702891389210126e+05
7.795623598905475349e-03 2.083612133945841633e+05
7.898289271809404155e-03 2.082492981515663851e+05
8.002307016200515058e-03 2.081344709191728616e+05
8.107694638393741007e-03 2.080166574329252762e+05
8.214470179207077755e-03 2.078957816153414606e+05
8.322651917049827056e-03 2.077717655360820645e+05
8.432258371051676998e-03 2.076445293714685249e+05
8.543308304232820685e-03 2.075139913633780670e+05
8.655820726715994506e-03 2.073800677775215008e+05
8.769814898980654583e-03 2.072426728611122817e+05
8.885310335160148329e-03 2.071017187999354501e+05
9.002326806382231553e-03 2.069571156748278008e+05
9.120884344153571202e-03 2.068087714175806905e+05
9.241003243788863467e-03 2.066565917662810534e+05
9.362704067885113668e-03 2.065004802201040438e+05
9.486007649841636524e-03 2.063403379935775883e+05
9.610935097426409959e-03 2.061760639703368943e+05
9.737507796389429510e-03 2.060075546563916141e+05
9.865747414123658340e-03 2.058347041329296480e+05
9.995675903374150531e-03 2.056574040086843888e+05
1.012731550599601377e-02 2.054755433718946588e+05
1.026068875676192961e-02 2.052890087418895855e+05
1.039581848721975871e-02 2.050976840203327010e+05
1.053272782960096472e-02 2.049014504421638558e+05
1.067144022078052139e-02 2.047001865262802748e+05
1.081197940628895841e-02 2.044937680260005291e+05
1.095436944437724186e-02 2.042820678793606930e+05
1.109863471013522625e-02 2.040649561592942046e+05
1.124479989966424912e-02 2.038423000237515371e+05
1.139289003430482214e-02 2.036139636658201925e+05
1.154293046491984033e-02 2.033798082639100321e+05
1.169494687623435364e-02 2.031396919320727175e+05
1.184896529123233809e-02 2.028934696705306123e+05
1.200501207561153159e-02 2.026409933164940448e+05
1.216311394229676983e-02 2.023821114953528449e+05
1.232329795601293070e-02 2.021166695723321754e+05
1.248559153791795918e-02 2.018445096047105326e+05
1.265002247029698747e-02 2.015654702947023325e+05
1.281661890131826666e-02 2.012793869431157655e+05
1.298540934985170474e-02 2.009860914039019844e+05
1.315642271035088497e-02 2.006854120397208317e+05
1.332968825779938006e-02 2.003771736786540423e+05
1.350523565272218791e-02 2.000611975722062343e+05
1.368309494626319262e-02 1.997373013547423179e+05
1.386329658532946957e-02 1.994052990045170591e+05
1.404587141780335585e-02 1.990650008064644935e+05
1.423085069782315491e-02 1.987162133169216977e+05
1.441826609113338979e-02 1.983587393304731522e+05
1.460814968050550867e-02 1.979923778491115081e+05
1.480053397122999166e-02 1.976169240539218590e+05
1.499545189668077642e-02 1.972321692795073905e+05
1.519293682395297593e-02 1.968379009913862101e+05
1.539302255957482844e-02 1.964339027666020265e+05
1.559574335529488424e-02 1.960199542778024625e+05
1.580113391394540739e-02 1.955958312810537755e+05
1.600922939538297271e-02 1.951613056076729263e+05
1.622006542250737857e-02 1.947161451603726600e+05
1.643367808735965094e-02 1.942601139140308369e+05
1.665010395730062015e-02 1.937929719214073557e+05
1.686938008127056646e-02 1.933144753241526196e+05
1.709154399613160152e-02 1.928243763694618247e+05
1.731663373309328888e-02 1.923224234327514423e+05
1.754468782422316867e-02 1.918083610467469844e+05
1.777574530904274530e-02 1.912819299373923568e+05
1.800984574121062068e-02 1.907428670670060092e+05
1.824702919529336623e-02 1.901909056851312052e+05
1.848733627362582690e-02 1.896257753875425260e+05
1.873080811326153020e-02 1.890472021838950750e+05
1.897748639301486545e-02 1.884549085745181364e+05
1.922741334059575868e-02 1.878486136368787847e+05
1.948063173983856713e-02 1.872280331222599489e+05
1.973718493802594995e-02 1.865928795632179826e+05
1.999711685330932825e-02 1.859428623924081330e+05
2.026047198222702406e-02 1.852776880733851285e+05
2.052729540732141367e-02 1.845970602440095390e+05
2.079763280485640367e-02 1.839006798731120070e+05
2.107153045263653740e-02 1.831882454310881731e+05
2.134903523792906765e-02 1.824594530751207785e+05
2.163019466549038344e-02 1.817139968497447262e+05
2.191505686569812650e-02 1.809515689034942188e+05
2.220367060279040267e-02 1.801718597223909746e+05
2.249608528321350720e-02 1.793745583810535027e+05
2.279235096407958294e-02 1.785593528122274147e+05
2.309251836173566858e-02 1.777259300955554354e+05
2.339663886044559757e-02 1.768739767664254759e+05
2.370476452118622235e-02 1.760031791457504733e+05
2.401694809055948329e-02 1.751132236915516842e+05
2.433324300982192892e-02 1.742037973732299870e+05
2.465370342403291545e-02 1.732745880694243824e+05
2.497838419132365415e-02 1.723252849903659662e+05
2.530734089228791825e-02 1.713555791256459779e+05
2.564062983949681740e-02 1.703651637183221173e+05
2.597830808713849290e-02 1.693537347662910179e+05
2.632043344078516256e-02 1.683209915518555499e+05
2.666706446728837540e-02 1.672666372004120785e+05
2.701826050480501604e-02 1.661903792691763956e+05
2.737408167295491551e-02 1.650919303668571520e+05
2.773458888311265344e-02 1.639710088051672210e+05
2.809984384883449163e-02 1.628273392830469820e+05
2.846990909642304821e-02 1.616606536044423992e+05
2.884484797563064903e-02 1.604706914304543752e+05
2.922472467050411110e-02 1.592572010666302522e+05
2.960960421037193285e-02 1.580199402861299459e+05
2.999955248097644842e-02 1.567586771894380799e+05
3.039463623575248963e-02 1.554731911012381606e+05
3.079492310725458898e-02 1.541632735049881449e+05
3.120048161873467674e-02 1.528287290156609379e+05
3.161138119587227763e-02 1.514693763910178386e+05
3.202769217865916035e-02 1.500850495816848706e+05
3.244948583344051118e-02 1.486755988201839791e+05
3.287683436511468910e-02 1.472408917489481973e+05
3.330981092949365091e-02 1.457808145872056775e+05
3.374848964582615601e-02 1.442952733364662854e+05
3.419294560948589468e-02 1.427841950241734157e+05
3.464325490482671882e-02 1.412475289848973625e+05
3.509949461820716793e-02 1.396852481782463728e+05
3.556174285118652439e-02 1.380973505424488976e+05
3.603007873389464655e-02 1.364838603823243466e+05
3.650458243857791774e-02 1.348448297900996404e+05
3.698533519332351110e-02 1.331803400972537056e+05
3.747241929596455134e-02 1.314905033552689711e+05
3.796591812816810935e-02 1.297754638428544276e+05
3.846591616970919392e-02 1.280353995968551608e+05
3.897249901293212138e-02 1.262705239637050399e+05
3.948575337740303781e-02 1.244810871678830008e+05
4.000576712475466951e-02 1.226673778934288421e+05
4.053262927372728447e-02 1.208297248741290969e+05
4.106643001540715571e-02 1.189684984875319496e+05
4.160726072866606506e-02 1.170841123474577325e+05
4.215521399580400563e-02 1.151770248891678784e+05
4.271038361839791381e-02 1.132477409408217936e+05
4.327286463335912325e-02 1.112968132742960734e+05
4.384275332920230944e-02 1.093248441278653336e+05
4.442014726252865170e-02 1.073324866926468239e+05
4.500514527472611326e-02 1.053204465540958190e+05
4.559784750888961485e-02 1.032894830792069843e+05
4.619835542696409947e-02 1.012404107394304447e+05
4.680677182711331236e-02 9.917410035865414829e+04
4.742320086131734252e-02 9.709148027493827976e+04
4.804774805320191633e-02 9.499353740401810501e+04
4.868052031610249630e-02 9.288131819192286639e+04
4.932162597136629384e-02 9.075592944339507085e+04
4.997117476689528354e-02 8.861853901214324287e+04
5.062927789593343192e-02 8.647037633832712891e+04
5.129604801610137405e-02 8.431273281806717569e+04
5.197159926868171603e-02 8.214696198919577000e+04
5.265604729815839824e-02 7.997447951693544746e+04
5.334950927201328325e-02 7.779676296271059255e+04
5.405210390078356991e-02 7.561535131888333126e+04
5.476395145838323930e-02 7.343184429186269699e+04
5.548517380269224475e-02 7.124790131578184082e+04
5.621589439641676289e-02 6.906524027878728521e+04
5.695623832822420407e-02 6.688563594394410029e+04
5.770633233415656954e-02 6.471091804685590614e+04
5.846630481932581225e-02 6.254296905233794678e+04
5.923628587989488575e-02 6.038372155288571957e+04
6.001640732534833239e-02 5.823515529226609215e+04
6.080680270105612295e-02 5.609929379834387510e+04
6.160760731113463368e-02 5.397820061025958421e+04
6.241895824160887535e-02 5.187397508631461824e+04
6.324099438387939531e-02 4.978874778041956597e+04
6.407385645849858480e-02 4.772467537673081824e+04
6.491768703925999973e-02 4.568393517417123076e+04
6.577263057760480980e-02 4.366871911490824277e+04
6.663883342734984450e-02 4.168122735357028432e+04
6.751644386974120504e-02 3.972366136703558004e+04
6.840561213883783465e-02 3.779821660803584382e+04
6.930649044722937691e-02 3.590707470959579950e+04
7.021923301209280488e-02 3.405239525148214307e+04
7.114399608159203969e-02 3.223630710437141897e+04
7.208093796162547140e-02 3.046089937235852267e+04
7.303021904292547606e-02 2.872821195971918132e+04
7.399200182851510543e-02 2.704022579349177977e+04
7.496645096152611265e-02 2.539885273944654182e+04
7.595373325338347636e-02 2.380592525533183652e+04
7.695401771236111410e-02 2.226318583190034769e+04
7.796747557251355876e-02 2.077227627907833084e+04
7.899428032298880242e-02 1.933472692169551374e+04
8.003460773772701209e-02 1.795194577638296687e+04
8.108863590555052958e-02 1.662520778849338603e+04
8.215654526064999907e-02 1.535564421512021727e+04
8.323851861347211778e-02 1.414423224738811768e+04
8.433474118201410297e-02 1.299178497204700216e+04
8.544540062353025989e-02 1.189894177890090214e+04
8.657068706665617397e-02 1.086615932660148610e+04
8.771079314395600901e-02 9.893703184685949964e+03
8.886591402489825431e-02 8.981640274274910553e+03
9.003624744926602697e-02 8.129832233393453862e+03
9.122199376100710577e-02 7.337929835254847603e+03
9.242335594252991393e-02 6.605368588856179485e+03
9.364053964945129316e-02 5.931365650682168052e+03
9.487375324580143987e-02 5.314918173995853067e+03
9.612320783969299787e-02 4.754803217910802232e+03
9.738911731945959493e-02 4.249579331997138070e+03
9.867169839027042921e-02 3.797589923384233771e+03
9.997117061122698378e-02 3.396968502019394236e+03
1.012877564329483504e-01 3.045645885775509214e+03
1.026216812356515462e-01 2.741359430353611515e+03
1.039731733677332209e-01 2.481664329315834493e+03
1.053424641848596799e-01 2.263947007074023531e+03
1.067297880895714951e-01 2.085440602264134213e+03
1.081353825714097966e-01 1.943242510734761026e+03
1.095594882475710574e-01 1.834333926517784676e+03
1.110023489040972006e-01 1.755601285857958828e+03
1.124642115376081747e-01 1.703859483970615884e+03
1.139453263975842151e-01 1.675876697081850125e+03
1.154459470292048401e-01 1.668400603992648939e+03
1.169663303167521318e-01 1.678185762511081066e+03
1.185067365275854767e-01 1.702021857334159904e+03
1.200674293566956347e-01 1.736762498158468588e+03
1.216486759718453520e-01 1.779354210881860581e+03
1.232507470593046661e-01 1.826865231746264953e+03
1.248739168701883673e-01 1.876513685262657191e+03
1.265184632674037912e-01 1.925694702916184724e+03
1.281846677732169371e-01 1.972006022173492283e+03
1.298728156174448478e-01 2.013271595419856567e+03
1.315831957862828305e-01 2.047562737331426206e+03
1.333161010717747175e-01 2.073216347965887053e+03
1.350718281219345229e-01 2.088849768553751801e+03
1.368506774915282109e-01 2.093371858452943343e+03
1.386529536935243723e-01 2.085989925640352340e+03
1.404789652512222209e-01 2.066212199833521936e+03
1.423290247510663742e-01 2.033845606914287146e+03
1.442034488961572436e-01 1.988988685429618045e+03
1.461025585604656396e-01 1.932019579802432418e+03
1.480266788437618330e-01 1.863579149242472113e+03
1.499761391272679267e-01 1.784549344433728947e+03
1.519512731300431130e-01 1.696027123580126954e+03
1.539524189661113651e-01 1.599294302465440069e+03
1.559799192023417491e-01 1.495783856454926536e+03
1.580341209170907646e-01 1.387043311989383710e+03
1.601153757596170957e-01 1.274695976849976432e+03
1.622240400102788471e-01 1.160400857766394438e+03
1.643604746415235074e-01 1.045812196108472108e+03
1.665250453796811303e-01 9.325396127716860519e+02
1.687181227675713380e-01 8.221098874926865392e+02
1.709400822279348586e-01 7.159314017218255231e+02
1.731913041277003407e-01 6.152622445510105536e+02
1.754721738430976286e-01 5.211829157324061725e+02
1.777830818256286027e-01 4.345744574378346670e+02
1.801244236689066303e-01 3.561027074815071956e+02
1.824966001763765333e-01 2.862091933152130423e+02
1.849000174299260946e-01 2.251089820868392053e+02
1.873350868594015617e-01 1.727955732094425230e+02
1.898022253130382253e-01 1.290526738772331328e+02
1.923018551288188382e-01 9.347244418122602383e+01
1.948344042067715887e-01 6.547954778635630646e+01
1.974003060822204503e-01 4.436010845908037936e+01
2.000000000000000111e-01 2.929446451704257015e+01
