# x	y	z	sld
-4.226346174875894945e+01 9.875193481445312216e+01 4.376502450307210523e+01 1.000000000000000000e+00
-4.226346174875894945e+01 9.875193481445312216e+01 5.785697809855143703e+01 1.000000000000000000e+00
-4.226346174875894945e+01 9.875193481445312216e+01 8.604088528951010062e+01 1.000000000000000000e+00
-4.226346174875894945e+01 9.875193481445312216e+01 1.001328388849894253e+02 1.000000000000000000e+00
-2.807565625508626184e+01 9.875193481445312216e+01 4.376502450307210523e+01 1.000000000000000000e+00
-2.807565625508626184e+01 9.875193481445312216e+01 5.785697809855143703e+01 1.000000000000000000e+00
-2.807565625508626184e+01 9.875193481445312216e+01 7.194893169403076172e+01 1.000000000000000000e+00
-2.807565625508626184e+01 9.875193481445312216e+01 8.604088528951010062e+01 1.000000000000000000e+00
-2.807565625508626184e+01 9.875193481445312216e+01 1.001328388849894253e+02 1.000000000000000000e+00
-1.388785076141357422e+01 9.875193481445312216e+01 8.604088528951010062e+01 1.000000000000000000e+00
2.999547322591169518e-01 9.875193481445312216e+01 4.376502450307210523e+01 1.000000000000000000e+00
2.999547322591169518e-01 9.875193481445312216e+01 5.785697809855143703e+01 1.000000000000000000e+00
2.999547322591169518e-01 9.875193481445312216e+01 8.604088528951010062e+01 1.000000000000000000e+00
2.999547322591169518e-01 9.875193481445312216e+01 1.001328388849894253e+02 1.000000000000000000e+00
1.448776022593180812e+01 9.875193481445312216e+01 4.376502450307210523e+01 1.000000000000000000e+00
1.448776022593180812e+01 9.875193481445312216e+01 5.785697809855143703e+01 1.000000000000000000e+00
1.448776022593180812e+01 9.875193481445312216e+01 8.604088528951010062e+01 1.000000000000000000e+00
1.448776022593180812e+01 9.875193481445312216e+01 1.001328388849894253e+02 1.000000000000000000e+00
-4.226346174875894945e+01 1.129267517089843693e+02 4.376502450307210523e+01 1.000000000000000000e+00
-4.226346174875894945e+01 1.129267517089843693e+02 5.785697809855143703e+01 1.000000000000000000e+00
-4.226346174875894945e+01 1.129267517089843693e+02 7.194893169403076172e+01 1.000000000000000000e+00
-4.226346174875894945e+01 1.129267517089843693e+02 8.604088528951010062e+01 1.000000000000000000e+00
-4.226346174875894945e+01 1.129267517089843693e+02 1.001328388849894253e+02 1.000000000000000000e+00
-2.807565625508626184e+01 1.129267517089843693e+02 4.376502450307210523e+01 1.000000000000000000e+00
-2.807565625508626184e+01 1.129267517089843693e+02 5.785697809855143703e+01 1.000000000000000000e+00
-2.807565625508626184e+01 1.129267517089843693e+02 7.194893169403076172e+01 1.000000000000000000e+00
-2.807565625508626184e+01 1.129267517089843693e+02 8.604088528951010062e+01 1.000000000000000000e+00
-2.807565625508626184e+01 1.129267517089843693e+02 1.001328388849894253e+02 1.000000000000000000e+00
-1.388785076141357422e+01 1.129267517089843693e+02 4.376502450307210523e+01 1.000000000000000000e+00
-1.388785076141357422e+01 1.129267517089843693e+02 5.785697809855143703e+01 1.000000000000000000e+00
-1.388785076141357422e+01 1.129267517089843693e+02 7.194893169403076172e+01 1.000000000000000000e+00
-1.388785076141357422e+01 1.129267517089843693e+02 8.604088528951010062e+01 1.000000000000000000e+00
2.999547322591169518e-01 1.129267517089843693e+02 4.376502450307210523e+01 1.000000000000000000e+00
2.999547322591169518e-01 1.129267517089843693e+02 5.785697809855143703e+01 1.000000000000000000e+00
2.999547322591169518e-01 1.129267517089843693e+02 7.194893169403076172e+01 1.000000000000000000e+00
2.999547322591169518e-01 1.129267517089843693e+02 8.604088528951010062e+01 1.000000000000000000e+00
2.999547322591169518e-01 1.129267517089843693e+02 1.001328388849894253e+02 1.000000000000000000e+00
1.448776022593180812e+01 1.129267517089843693e+02 4.376502450307210523e+01 1.000000000000000000e+00
1.448776022593180812e+01 1.129267517089843693e+02 5.785697809855143703e+01 1.000000000000000000e+00
1.448776022593180812e+01 1.129267517089843693e+02 7.194893169403076172e+01 1.000000000000000000e+00
1.448776022593180812e+01 1.129267517089843693e+02 8.604088528951010062e+01 1.000000000000000000e+00
1.448776022593180812e+01 1.129267517089843693e+02 1.001328388849894253e+02 1.000000000000000000e+00
-4.226346174875894945e+01 1.271015686035156307e+02 4.376502450307210523e+01 1.000000000000000000e+00
-4.226346174875894945e+01 1.271015686035156307e+02 5.785697809855143703e+01 1.000000000000000000e+00
-4.226346174875894945e+01 1.271015686035156307e+02 8.604088528951010062e+01 1.000000000000000000e+00
-4.226346174875894945e+01 1.271015686035156307e+02 1.001328388849894253e+02 1.000000000000000000e+00
-2.807565625508626184e+01 1.271015686035156307e+02 4.376502450307210523e+01 1.000000000000000000e+00
-2.807565625508626184e+01 1.271015686035156307e+02 5.785697809855143703e+01 1.000000000000000000e+00
-2.807565625508626184e+01 1.271015686035156307e+02 7.194893169403076172e+01 1.000000000000000000e+00
-2.807565625508626184e+01 1.271015686035156307e+02 8.604088528951010062e+01 1.000000000000000000e+00
-2.807565625508626184e+01 1.271015686035156307e+02 1.001328388849894253e+02 1.000000000000000000e+00
-1.388785076141357422e+01 1.271015686035156307e+02 5.785697809855143703e+01 1.000000000000000000e+00
-1.388785076141357422e+01 1.271015686035156307e+02 7.194893169403076172e+01 1.000000000000000000e+00
-1.388785076141357422e+01 1.271015686035156307e+02 8.604088528951010062e+01 1.000000000000000000e+00
-1.388785076141357422e+01 1.271015686035156307e+02 1.001328388849894253e+02 1.000000000000000000e+00
2.999547322591169518e-01 1.271015686035156307e+02 4.376502450307210523e+01 1.000000000000000000e+00
2.999547322591169518e-01 1.271015686035156307e+02 5.785697809855143703e+01 1.000000000000000000e+00
2.999547322591169518e-01 1.271015686035156307e+02 7.194893169403076172e+01 1.000000000000000000e+00
2.999547322591169518e-01 1.271015686035156307e+02 8.604088528951010062e+01 1.000000000000000000e+00
2.999547322591169518e-01 1.271015686035156307e+02 1.001328388849894253e+02 1.000000000000000000e+00
1.448776022593180812e+01 1.271015686035156307e+02 4.376502450307210523e+01 1.000000000000000000e+00
1.448776022593180812e+01 1.271015686035156307e+02 5.785697809855143703e+01 1.000000000000000000e+00
1.448776022593180812e+01 1.271015686035156307e+02 7.194893169403076172e+01 1.000000000000000000e+00
1.448776022593180812e+01 1.271015686035156307e+02 8.604088528951010062e+01 1.000000000000000000e+00
1.448776022593180812e+01 1.271015686035156307e+02 1.001328388849894253e+02 1.000000000000000000e+00
-4.226346174875894945e+01 1.412763854980468636e+02 7.194893169403076172e+01 1.000000000000000000e+00
-2.807565625508626184e+01 1.412763854980468636e+02 4.376502450307210523e+01 1.000000000000000000e+00
-2.807565625508626184e+01 1.412763854980468636e+02 5.785697809855143703e+01 1.000000000000000000e+00
-2.807565625508626184e+01 1.412763854980468636e+02 7.194893169403076172e+01 1.000000000000000000e+00
-2.807565625508626184e+01 1.412763854980468636e+02 8.604088528951010062e+01 1.000000000000000000e+00
-1.388785076141357422e+01 1.412763854980468636e+02 4.376502450307210523e+01 1.000000000000000000e+00
-1.388785076141357422e+01 1.412763854980468636e+02 5.785697809855143703e+01 1.000000000000000000e+00
-1.388785076141357422e+01 1.412763854980468636e+02 7.194893169403076172e+01 1.000000000000000000e+00
-1.388785076141357422e+01 1.412763854980468636e+02 8.604088528951010062e+01 1.000000000000000000e+00
-1.388785076141357422e+01 1.412763854980468636e+02 1.001328388849894253e+02 1.000000000000000000e+00
2.999547322591169518e-01 1.412763854980468636e+02 4.376502450307210523e+01 1.000000000000000000e+00
2.999547322591169518e-01 1.412763854980468636e+02 5.785697809855143703e+01 1.000000000000000000e+00
2.999547322591169518e-01 1.412763854980468636e+02 7.194893169403076172e+01 1.000000000000000000e+00
2.999547322591169518e-01 1.412763854980468636e+02 8.604088528951010062e+01 1.000000000000000000e+00
1.448776022593180812e+01 1.412763854980468636e+02 5.785697809855143703e+01 1.000000000000000000e+00
1.448776022593180812e+01 1.412763854980468636e+02 7.194893169403076172e+01 1.000000000000000000e+00
1.448776022593180812e+01 1.412763854980468636e+02 8.604088528951010062e+01 1.000000000000000000e+00
